x y1 y2 y3
0 -0.5623774729946713 -0.028094697688590353 -0.7085766428523964
1 -0.6103808554564594 -0.06266315641316413 -0.7308175186158364
2 -0.6432811311861678 -0.1488033660851924 -0.724500227340206
3 -0.6473671301788697 -0.2405708951868142 -0.7469802677630017
4 -0.683252033032314 -0.32234623787335775 -0.8167065531420329
5 -0.6955617673408435 -0.4019395035625917 -0.7961620704397111
6 -0.7709912658874551 -0.4229701003148571 -0.8169777462675178
7 -0.7379284686704957 -0.5104612627005826 -0.8265345375550883
8 -0.7683488638845437 -0.6147956549414988 -0.8164019618667356
9 -0.7533844401914861 -0.6181056619535803 -0.8313419896841522
10 -0.8006873256878453 -0.6758750283673455 -0.8338543867855779
11 -0.7791983146730912 -0.7088979101850108 -0.8502998065607954
12 -0.812168715696676 -0.77403743415674 -0.8734275050465377
13 -0.8199358567157706 -0.7104042103817482 -0.8822829736791855
14 -0.8129927493868815 -0.7468017879530312 -0.8856739999832656
15 -0.8500842654427252 -0.7819774501989494 -0.8788854780665478
16 -0.8445488896647155 -0.818989586272674 -0.9128479761779454
17 -0.8364749761005887 -0.8612867117280696 -0.8980436397134512
18 -0.8586636788805286 -0.8580478197761431 -0.9217241636921968
19 -0.8743690268523109 -0.8624028125599044 -0.9502377219757173
20 -0.8754090175595106 -0.8740737957664763 -0.9510964235709161
21 -0.8641251098265077 -0.8566193865636066 -0.9290887019677699
22 -0.8898740641379717 -0.8986224579282072 -0.9155897612031786
23 -0.9119538042290446 -0.8829062043868245 -0.9541381116807599
24 -0.8698466084108277 -0.9121781565511938 -0.9601742090001935
25 -0.912930718664352 -0.9207370136405315 -0.9537196008982021
26 -0.8813655877794985 -0.9222720921633586 -0.968678310042217
27 -0.8878682400350866 -0.933071293024084 -1.0086282152933645
28 -0.8925607589895581 -0.9380642329962823 -0.9591174671991602
29 -0.9048594194896622 -0.9562260687688986 -0.9896280762573487
30 -0.9237432796564145 -0.9617718331015227 -0.9756654320211833
31 -0.9168445456954931 -0.9415421873438248 -0.9988107397929076
32 -0.9019685974907578 -0.9756440996202091 -1.0119134051652956
33 -0.9011777867244901 -1.0271955540308744 -0.9779909166596592
34 -0.928573207164437 -0.9925481538481927 -0.9937268663898584
35 -0.9570687213788596 -0.9938099966894992 -1.0149371647143246
36 -0.9199466135601466 -0.986144856209714 -1.065381055732507
37 -0.9605051431817101 -1.055381323482737 -1.0239915995257252
38 -0.9566675633968031 -1.0109073335108996 -1.0440750471950537
39 -0.9643991856877263 -1.0163927892329512 -1.0232094597623103
40 -0.9489338617215616 -1.0160708837970378 -1.0940330617348146
41 -0.9300629809386086 -1.0312597444879068 -1.0059060615836004
42 -0.9853388926229145 -1.0376755747484556 -1.044277660674484
43 -1.0037134172212132 -1.0301511023448366 -1.0941174301903882
44 -0.9860884908508998 -1.0246713972702446 -1.0362538586903343
45 -1.0060754465170811 -1.0257098605759385 -1.0716108298214733
46 -1.0300450093462445 -1.0322929124018336 -1.0915657876273797
47 -1.013668414045588 -1.0414380325429033 -1.1068956667846277
48 -0.9726033314418314 -1.0612763235298222 -1.116967807697127
49 -0.994216390048965 -1.069699605389692 -1.1050564541323566
50 -1.0027939202565581 -1.0630025802270753 -1.1406445434457977
51 -0.9905370385290762 -1.0559957978828955 -1.075571349664704
52 -0.9828476643199586 -1.0781354290457232 -1.1141733202341746
53 -0.9815433200380674 -1.0910342436211753 -1.1239627607904903
54 -0.9890488577058156 -1.0621226894958562 -1.150179525978686
55 -1.0098933261281957 -1.0821335770605793 -1.1759393349881702
56 -0.9951301507549252 -1.1203651553799312 -1.1571658567276564
57 -0.9628794206482625 -1.1006923889245954 -1.1696202478706181
58 -0.9905447419410989 -1.069625461141194 -1.1703001559658772
59 -1.0341409768513279 -1.1135590954830055 -1.1702475419833687
60 -1.033351805798311 -1.1395228549016494 -1.1786624710120188
61 -1.0868916516353813 -1.0867756665722497 -1.145767453948278
62 -1.0214294667922024 -1.1035714139927468 -1.2174682638904033
63 -1.0606352816127542 -1.1651204537389703 -1.1971002544544587
64 -1.0353487405488373 -1.1414073334523405 -1.2338281358953218
65 -1.0277928703467707 -1.1214972226029447 -1.2175083926436112
66 -1.0181778067178866 -1.1896683886552246 -1.2854661032959944
67 -1.1023631697192926 -1.1902310888406655 -1.1976222583178406
68 -1.03965088072908 -1.1412386076009668 -1.2115129853281272
69 -1.0019575482362555 -1.1751035023786827 -1.2815287397681
70 -1.0564877002317699 -1.1310247412215577 -1.3367854173585276
71 -1.0723281389389856 -1.2113048569673204 -1.296068230883036
72 -1.0928096578402275 -1.1851356201874612 -1.3213988280196136
73 -1.0526694474700946 -1.1468640816271751 -1.2669258732613036
74 -1.0729336187455754 -1.1745351390554577 -1.2675284979255708
75 -1.014267163730016 -1.1241817270264527 -1.2683782140623654
76 -1.067671424526473 -1.1274660769118454 -1.2268558135257313
77 -1.100824964571621 -1.1651296175154093 -1.3060965375748055
78 -1.0873133969740774 -1.1730603619806947 -1.3376459024646297
79 -1.114843820989016 -1.1840153323333678 -1.312784198986264
80 -1.1286334876912527 -1.1776853106730967 -1.2731535944604588
81 -1.0969470554287064 -1.2734552791297422 -1.4008739763819467
82 -1.0722683673749356 -1.2198044361160443 -1.3740572363362318
83 -1.0823437378638299 -1.2421105067687455 -1.3314565145258506
84 -1.0755113783581245 -1.2045995383216774 -1.3565973469197599
85 -1.1186938345882653 -1.2157206364338262 -1.372827555823661
86 -1.091716071671895 -1.338317468220683 -1.322641987064877
87 -1.1133410752486057 -1.2424172344746156 -1.392181897339872
88 -1.1194966234738313 -1.2051754859709152 -1.4098552930071728
89 -1.1104184775176227 -1.2691319057443344 -1.3187659539789007
90 -1.1294488150326263 -1.3068450020755413 -1.3320992084558614
91 -1.1550461748879146 -1.2140170552584542 -1.395054599786214
92 -1.1418333328041794 -1.2782211785205426 -1.3836039242044982
93 -1.1350632929783062 -1.1934300798866704 -1.407628123289673
94 -1.1105826067019304 -1.2327121084872723 -1.4541192920891055
95 -1.162858547790659 -1.324430263798819 -1.377815034153523
96 -1.169052324177563 -1.3011034453303472 -1.3639454689211747
97 -1.0872357519870715 -1.3429281198006533 -1.3319326969893397
98 -1.1293189929981207 -1.27100537954357 -1.400158225159649
99 -1.1035658940088238 -1.2079572123958089 -1.4806867865082687
100 -1.1177015799594425 -1.3267586676450809 -1.4420063941546013
101 -1.122973202368294 -1.2930736242612528 -1.4448549086941473
102 -1.1640720845024926 -1.250857577972242 -1.5348535727588877
103 -1.1716082568851678 -1.319857777042885 -1.4275517548787335
104 -1.1650836742362487 -1.3434320414897134 -1.4659491463057899
105 -1.150837600942539 -1.3145782884707515 -1.4724389837770018
106 -1.1563927315062568 -1.336759359706306 -1.581591769046342
107 -1.1814574613343547 -1.3507470579520962 -1.5164652524871587
108 -1.1904129753154749 -1.4013405795307652 -1.5179245648481299
109 -1.1716640277836068 -1.3723725639986601 -1.486808631055124
110 -1.1582266486676163 -1.3108293462901834 -1.4172793825897716
111 -1.1874953472525034 -1.310403867146417 -1.550334763584482
112 -1.1217919455970875 -1.3905235540705623 -1.5199497391234362
113 -1.1960310456736865 -1.337456732663749 -1.450226720884305
114 -1.1539317855976479 -1.3840774081753913 -1.5108651159270723
115 -1.2023445500619292 -1.3641489481138889 -1.452644042788996
116 -1.1626137878165226 -1.3904379577658634 -1.6110866314781616
117 -1.1991527375092932 -1.3357645905150386 -1.4675901167749934
118 -1.1744609591254798 -1.3454252801946496 -1.6512397847474136
119 -1.1849288249208123 -1.381091950575622 -1.5325860688469837
120 -1.1665831584519435 -1.371345706303767 -1.5925300335943227
121 -1.1294380018678787 -1.3454775093319764 -1.6118474235246643
122 -1.1043311506123248 -1.3509048324565904 -1.5745206225027832
123 -1.1427805425082886 -1.4599342150225654 -1.5901429439166208
124 -1.1485858967365015 -1.3467096639228588 -1.67350262906682
125 -1.2203710755217558 -1.3987699214914502 -1.5913861448540643
126 -1.2245391803682963 -1.4269702293185196 -1.6593365616418059
127 -1.1569477777737127 -1.452202689210509 -1.5422091065025012
128 -1.2145727786822147 -1.5036619247026795 -1.6443197506967262
129 -1.113794556253295 -1.447953832597832 -1.5911300793666532
130 -1.2538473281777125 -1.480414609328404 -1.6371068659903354
131 -1.1891712695822192 -1.4293511336897013 -1.6325035844804683
132 -1.1414653141603441 -1.556737511122328 -1.5669349777593697
133 -1.1636626512437627 -1.5299773500477842 -1.6551725016656575
134 -1.193724693385883 -1.3968370487051005 -1.6863845201564274
135 -1.1916922773875223 -1.5124524675829178 -1.674119983613337
136 -1.203233771828523 -1.4839509340508985 -1.6567226314503074
137 -1.1942972492623694 -1.4070527188486828 -1.6969138415488079
138 -1.2125124999022674 -1.5159632510606713 -1.6876907974730595
139 -1.2433527960376554 -1.4474837378976555 -1.6833916117809844
140 -1.204884329282748 -1.4962560555223505 -1.7012011759104497
141 -1.1893965717661912 -1.656191392918217 -1.7565377654756062
142 -1.1979253543103043 -1.5764780123087518 -1.749497279683731
143 -1.2967553849790652 -1.4830017943308884 -1.567127951365782
144 -1.1771600956052026 -1.5535329795208024 -1.7643211035105004
145 -1.1897956358516126 -1.491355523972292 -1.7181201909317105
146 -1.2254972887797277 -1.3956947312145347 -1.7208240059156121
147 -1.1976824309337906 -1.5734200243830765 -1.6518591921659893
148 -1.2023280041580666 -1.579183332842815 -1.6597471229836511
149 -1.2377131566381008 -1.5760773506906471 -1.7846717998275814
150 -1.189706242819029 -1.5692623579464395 -1.7590698235730897
151 -1.160832706763026 -1.6102351721121495 -1.7355367159439823
152 -1.2292819342031092 -1.5528793337941256 -1.7890510228098955
153 -1.2582627631454018 -1.6009591360996134 -1.7568338613732526
154 -1.1798205817838499 -1.5620007022292128 -1.8011505944327961
155 -1.1939555757992437 -1.5801793138012743 -1.7682303905446255
156 -1.2154130584950953 -1.5730905816542502 -1.9029540568990977
157 -1.1886829862506127 -1.587979398589627 -1.8836370708975192
158 -1.186901594809418 -1.6359444533330412 -1.8613378739997597
159 -1.2028649167559395 -1.566376231211855 -1.8402801845955785
160 -1.1855781853139167 -1.5789622214509156 -1.7625949177887767
161 -1.1971271751188444 -1.6162534263789483 -1.8302048316276571
162 -1.2279451366211795 -1.6279796218534652 -1.8724297849154048
163 -1.1896614013008675 -1.5466697535652327 -1.849043305640292
164 -1.2341134996655065 -1.6727384245845132 -2.09778346692552
165 -1.2475511739429246 -1.6224415332602282 -1.9089877037101828
166 -1.2784352806212054 -1.6557951844893966 -1.9394390812284181
167 -1.2588469581357085 -1.7107576832228872 -1.7918703813547108
168 -1.2141411840138976 -1.5549833635095474 -1.9385951883011059
169 -1.1910436131480648 -1.576774401935539 -1.828141351716561
170 -1.2101641092636466 -1.680345030727467 -1.9257300011767366
171 -1.2678585002735598 -1.658519234057813 -2.0538595367250294
172 -1.175093804592989 -1.686238675982739 -1.8419676227940465
173 -1.2310410410535224 -1.584977869575836 -1.9388597460094386
174 -1.186213790014 -1.6864118034000042 -1.9768745838932953
175 -1.2512613265343528 -1.644334775267942 -1.865455417920322
176 -1.1756620001053038 -1.810509812013219 -2.203465697581158
177 -1.2373406070963502 -1.6177458442260793 -2.0829628051989744
178 -1.29667828631893 -1.7565714097097578 -1.8291396069633803
179 -1.2367335603183873 -1.7056706742616536 -1.8685003716783652
180 -1.2563725703924638 -1.7517844343463334 -1.9776931613897697
181 -1.1357509813691369 -1.7535513912601495 -1.8806930768761216
182 -1.1862746484953555 -1.7610084452273604 -2.023002111059262
183 -1.293110167913369 -1.842014404298301 -2.030939988282795
184 -1.1445168133053258 -1.6703398487159202 -2.024639475261571
185 -1.1757553395828793 -1.738891565788742 -2.0514977849181477
186 -1.193562746272884 -1.7995838914425244 -2.0025660274342756
187 -1.2060798767179044 -1.641490820061947 -2.0145248198021815
188 -1.1685741331387247 -1.688292801119821 -2.236541392261549
189 -1.2423869263418854 -2.0383374496403888 -2.207243883283415
190 -1.1633584172358202 -1.5803284428303852 -2.1120527322964064
191 -1.1614868533482723 -1.6324246744838278 -2.0907080238792446
192 -1.19617289940909 -1.7051840338038806 -2.0871225934263933
193 -1.2272128011028802 -1.8992625857793541 -2.044269564736894
194 -1.268497867629259 -1.9122995516758763 -1.8809047972667097
195 -1.1735881685794598 -1.954068744784493 -1.9509510397564291
196 -1.227486787988512 -1.8843701026409474 -2.0610930231297355
197 -1.1939600906907415 -1.7352411905026972 -2.1744135114444925
198 -1.2273354238435452 -1.8827423064411537 -2.033755658724477
199 -1.3094027961126353 -1.8345984754799554 -2.1519058590045255
200 -1.1449897827996 -1.8976497174098161 -2.077119843443956
201 -1.235261448073568 -1.9616125151963457 -1.9464838720528843
202 -1.1858157419256135 -1.9026611323976903 -2.042192791639671
203 -1.2878421703251406 -1.86491075356032 -2.1065848817969375
204 -1.2121927340023464 -2.0949114577574375 -2.243653970931817
205 -1.2211032916692381 -1.8718317681546455 -2.0738593840839954
206 -1.2398560245609618 -1.7463284075495613 -2.0085277142868385
207 -1.2466253009250585 -1.9318902359781644 -2.045137166257516
208 -1.2959786732397864 -1.902871988017053 -2.0300251576703507
209 -1.228481454206734 -2.0535413806502856 -2.0787709353548443
210 -1.204040324096753 -1.8456133262025012 -2.0675511580286776
211 -1.3016187444857117 -1.9242201471583953 -2.0457597637626836
212 -1.2327307620986352 -1.8788050066369144 -2.007304474460351
213 -1.2925380338682089 -1.8685786758848588 -2.346803256253099
214 -1.3304741632680739 -1.957995718257072 -2.124582991929256
215 -1.211171742138526 -1.8969070763645368 -2.005860634865165
216 -1.1999885215630937 -1.8788689503718323 -1.9497717734563267
217 -1.2652474971669285 -2.0621446241200836 -2.4140395191164528
218 -1.2784755249843134 -1.9475637878232273 -2.4242220379671537
219 -1.3213621160774087 -2.1046254598370764 -2.0376368198435046
220 -1.2706080089954195 -1.9293095782672436 -2.3562314598782312
221 -1.293117255945737 -1.9033142764226563 -2.087254629800669
222 -1.2659980906537212 -2.0056270438254855 -2.2948678976123134
223 -1.3984190859920775 -2.106132862364032 -2.4289031617292394
224 -1.2509980648539223 -1.9882255073678143 -2.1589241918611974
225 -1.1900857373138025 -2.164842568595757 -2.13336054024988
226 -1.2071492494234457 -1.9029282142962682 -2.0045514267322466
227 -1.2250376449545586 -2.0394691775448686 -2.222305392629333
228 -1.179260852214428 -2.5001165182204885 -2.4008541907847976
229 -1.2247154679676122 -2.1152029572666318 -2.1122847144947854
230 -1.2202598059533112 -1.9787146137356548 -2.325056470611005
231 -1.2642384491729188 -2.0382880344755763 -2.392955259113937
232 -1.244479477172641 -2.0884570525155324 -2.30818404511975
233 -1.2967090496307605 -2.204316830544059 -2.292711150748331
234 -1.2454209860764165 -2.0973101426421117 -2.3636086976231834
235 -1.288412186636299 -1.9655447334454887 -2.2918455091691463
236 -1.2307432821750377 -2.0121760061305682 -2.2241539870651237
237 -1.1912688766951376 -1.892658089373806 -2.4608251954479465
238 -1.2304506044319956 -2.020859389985763 -2.201393866392478
239 -1.2331782438580934 -2.2282261701678023 -2.205725741629318
240 -1.222638466003322 -2.01535757623737 -2.526065189596567
241 -1.2179727716393978 -2.0161502935198827 -3.007940568895227
242 -1.1237581667223295 -2.5055488195605724 -2.2239692279812266
243 -1.3808619789143473 -1.9784104396567925 -2.4142652661204362
244 -1.218528691083434 -1.970938625859892 -2.070287370347865
245 -1.1792912997959006 -2.328265213974512 -2.228191625819964
246 -1.2261609047696576 -2.009987306334275 -2.6563039353705493
247 -1.2896410744143518 -2.095219668926207 -2.904160472095767
248 -1.1609387470281634 -2.4544626422482874 -3.311328981236834
249 -1.2592856766131495 -2.1124898127107943 -2.108633225101098
250 -1.2830499424022448 -1.9121453263546484 -2.381551642400396
251 -1.1972663861066934 -1.9106679022192696 -2.4641545117332333
252 -1.1921352573960347 -2.1328104277054485 -2.6833892205078125
253 -1.2464804586033886 -2.041004736838119 -3.8144995954875487
254 -1.1869142329690427 -2.264017602459591 -2.489261642489068
255 -1.3041791590556964 -2.160295727949517 -2.4201309017719996
256 -1.294199623692133 -2.222908249900953 -2.241683149542358
257 -1.2575634514349587 -2.0795290107797775 -2.2518291795201537
258 -1.2868193782079087 -2.097925788001018 -2.4950386610860806
259 -1.2726481062818542 -1.9564918428519655 -2.435119647157188
260 -1.2860484899760636 -1.9704486211546592 -2.4898357232340533
261 -1.3194982413699494 -2.213353549298634 -2.406351685309544
262 -1.2866186654853315 -2.4499109757185016 -2.8858595853955533
263 -1.2894559845232283 -2.0327191927422894 -2.320069352413537
264 -1.2997150264978878 -2.315814743094309 -2.4872211649668046
265 -1.251310164414303 -2.0202271505561344 -2.8667398171645893
266 -1.2661791058636276 -2.4438764899810077 -2.256440270401024
267 -1.2139094573558697 -2.0555641214717006 -2.749260237466355
268 -1.2838780869287651 -2.062250911133294 -2.339630046291588
269 -1.276021588394804 -2.177287582389099 -2.40068739850272
270 -1.264830068042369 -2.3613119607853106 -2.41372204420678
271 -1.2948302734475179 -2.221521841734027 -2.5108403186947226
272 -1.2321099517295466 -2.3597466064509818 -2.432658099853444
273 -1.4168524957993058 -2.5846238612682497 -3.124970095442283
274 -1.2801167658464199 -2.2298872126127316 -2.2268392888409774
275 -1.3038709644078914 -2.259778340357929 -2.5924580182607992
276 -1.2191123179404033 -2.300311153228782 -2.50956331324276
277 -1.3059509695757259 -2.398283793977718 -2.3554132477825713
278 -1.3091331451815882 -2.2081042564056634 -2.718015857070337
279 -1.3417778376281806 -2.2341348328483357 -2.774397217248919
280 -1.2590427249630018 -2.54551758117698 -2.3257103911819357
281 -1.2389693170043548 -2.290328846706261 -2.246274387758073
282 -1.2995669201594366 -2.2079875844072854 -2.51570102835407
283 -1.3372211666302403 -2.5587528288236308 -2.4118159861903763
284 -1.197894020518806 -2.3804521454590493 -3.477748478296838
285 -1.1908526551099974 -2.268769371729403 -2.4756239867452363
286 -1.2697977658897441 -2.394150310247036 -3.1185616272499517
287 -1.2853217673352166 -2.0734193007068566 -2.6115293858529043
288 -1.2507719138237772 -2.2787330602350084 -2.258320141157652
289 -1.2957336990542863 -2.4543548998500477 -2.50339907922641
290 -1.2054229633918088 -2.9722873214590977 -2.4263210195571787
291 -1.3052317354704355 -2.287903143738539 -3.589178418474169
292 -1.2736804082219872 -3.3836840213755806 -2.484996789291897
293 -1.285912605698148 -2.2787090444770004 -2.3772976698723256
294 -1.3345697780421335 -2.351380018075875 -2.492680710781795
295 -1.3258554224480428 -2.3457085825463464 -2.4795823583742282
296 -1.2078206649421002 -3.51412772071945 -3.029886966626614
297 -1.264086435039627 -2.365740508867403 -2.7973254880487737
298 -1.2678429781643061 -2.640727294613775 -2.3704626809067
299 -1.2512391226374988 -2.3633443487034818 -3.009313303646236
300 -1.2999855114613406 -2.552350079640878 -2.8538411187583392
301 -1.2764908064495142 -2.6376128058563664 -2.776688897592786
302 -1.2633993729569095 -2.2224199624610765 -3.030457808397495
303 -1.223698692652384 -2.340876458543466 -4.230083565193272
304 -1.2218287641075412 -2.2191638146680606 -2.6867756234136526
305 -1.2976304046374614 -2.5795845103185484 -2.400698468720765
306 -1.2385095493057752 -2.295341901743389 -3.0157897785955687
307 -1.1877447004579509 -2.624666075211874 -2.5346536202882795
308 -1.269813011694444 -2.597923216996555 -2.7011692974062496
309 -1.2326705758977499 -2.393633916099695 -2.8870736073378587
310 -1.2964744707304008 -2.763906121215827 -2.4755171464574395
311 -1.2914770519280605 -2.5135848358713457 -2.9103278136871884
312 -1.1979008429351008 -3.195976505312703 -2.3231334954679075
313 -1.2378093505068528 -1.9794470421354675 -2.349191109331331
314 -1.251044327881945 -2.3898148938039756 -2.6163149064118527
315 -1.151179759276622 -3.6843591149096944 -2.774726763688348
316 -1.2503711807178366 -2.4139927541109065 -3.2637379055583398
317 -1.25412835627892 -2.204297182794079 -3.5232271147660112
318 -1.3460448970643113 -2.220135434049858 -2.307208406114139
319 -1.2536396835801527 -2.0592467028325614 -2.765996404356149
320 -1.2334451738214347 -2.254229336669446 -3.045053526873333
321 -1.1769166865383536 -2.4332195264728385 -2.579448494362608
322 -1.3218269850794082 -2.4803609878853505 -2.880655831230307
323 -1.2168597055353023 -2.2655678086608613 -2.431233130495867
324 -1.2688556435557192 -2.4042767449398794 -2.6564634174058477
325 -1.1928129089978712 -2.788537284229389 -2.814229741328995
326 -1.3549874939916842 -2.4007831769905907 -2.4533667574230678
327 -1.2584849762998018 -2.984318683056613 -3.6738284077841246
328 -1.3008747938752427 -2.3256933964812316 -2.6822344961778244
329 -1.3324340482354813 -2.5027340786819194 -2.456307016847288
330 -1.1942209799608878 -2.012915389881729 -2.901246408577691
331 -1.374072981964949 -2.621148467072463 -3.7005601205292002
332 -1.230752855720309 -2.707197611834774 -2.632568415572962
333 -1.3503489543729956 -3.555325134232312 -2.584739395469836
334 -1.186242472368615 -2.841666716000894 -2.5366172290121813
335 -1.3339364029446519 -2.224191360823806 -3.0086037665919245
336 -1.2351136774317997 -3.000612861042657 -2.6905153688813463
337 -1.2480761389590695 -3.0905068989942968 -2.627023232215916
338 -1.3223563776716296 -2.339849483662694 -3.178387611538087
339 -1.3517702515351715 -2.4512748471021055 -2.6339930958302213
340 -1.376801048925971 -2.974029054421379 -2.2889050037083
341 -1.3246271627759378 -2.3390458200550324 -2.795902102628338
342 -1.1832443113780353 -3.022681238715797 -2.781626594142532
343 -1.1860872557824407 -2.2159416682459416 -2.5397000265250855
344 -1.2637300301567322 -2.827542161435384 -3.282829410497625
345 -1.392630059775454 -2.7665623826559136 -2.5120279602198727
346 -1.3327379562479387 -2.7454369528453975 -2.6965466872489867
347 -1.2757076811889412 -2.099265349524937 -4.054192317259404
348 -1.455970148558552 -2.477247868557341 -3.4192163009831624
349 -1.2195695507129998 -2.308767483316169 -2.9276224447507624
350 -1.3443828061719008 -2.383461166915787 -3.1695727481921026
351 -1.2347020700089124 -2.5155494105607894 -2.6953680699616234
352 -1.2678945291511128 -2.157496182471552 -2.45789006103068
353 -1.2593239173437227 -4.258982288884869 -3.1137093671042786
354 -1.1704535223275847 -2.311845993077935 -3.160281639909526
355 -1.321739053819228 -3.7666465301092193 -2.7780181290365427
356 -1.286395690207988 -2.8077479593698094 -4.435667435267942
357 -1.3761194813861406 -2.639327811568232 -2.834034296302597
358 -1.2859851310334798 -2.5238466705223037 -3.3747817916710687
359 -1.2903837234906548 -2.27796436793153 -2.59760986934848
360 -1.3346556208881042 -2.3811821464381393 -3.5365305533696647
361 -1.3386903427226964 -2.8111080940428277 -2.9817388281905024
362 -1.307555610807056 -2.6600202604600343 -3.076015302570675
363 -1.3051701967110607 -3.5535770501058197 -2.864658795078788
364 -1.3032722163738175 -2.2202959667420057 -5.611712309224595
365 -1.5147285148586944 -3.9029876118205906 -2.6365430927031204
366 -1.2463775685112828 -2.973297800545945 -2.537494872715802
367 -1.1713609587232587 -2.0969135475963845 -2.4952051564481623
368 -1.2693118855204977 -1.9700417899840166 -2.9147419497471514
369 -1.2417205683166381 -4.232164301498408 -3.0013777285484022
370 -1.3282354299406751 -4.218429828317622 -2.589820124223235
371 -1.1196727867241592 -2.3830973627183356 -3.267414658477365
372 -1.2291583969094106 -2.2718075183089494 -2.6521368296378047
373 -1.3105346730462661 -2.877090432229348 -2.8796298317787703
374 -1.3054394227038864 -2.567391575636584 -3.967448739052942
375 -1.2088906802063157 -3.536535973322404 -2.9249067219860176
376 -1.284132131755821 -2.6584474883625 -2.9640529324084417
377 -1.261563360819461 -2.448375690466773 -2.9480591989741276
378 -1.261357212293759 -2.324616309393587 -3.865506910247077
379 -1.2006819598553742 -2.088905665461721 -2.5123079601682443
380 -1.3773968618688968 -2.1238549364673656 -2.6510543211058875
381 -1.2216153609465248 -3.3705053143105683 -2.7363371022914817
382 -1.4416187978755688 -2.983072451518913 -2.6641686809848424
383 -1.2899766405995796 -3.109985120320774 -2.6585706663540574
384 -1.3037473714572818 -3.7913846811853773 -2.6183504585575466
385 -1.3041058748594414 -2.365443991852619 -2.7566573237390073
386 -1.3270038438509235 -2.311700985557438 -2.3864111045873475
387 -1.2608470449187283 -2.4646728942929665 -2.603548012051966
388 -1.2381887593092007 -2.8848427658751463 -3.4194771986065464
389 -1.2544359493628408 -2.3024099555192348 -3.1598678167155603
390 -1.2654897544072556 -3.5578087023306657 -3.6298763273034265
391 -1.255925321127753 -2.3758594325978204 -2.958446691532095
392 -1.271233725792923 -2.8328503363666084 -2.852645571447895
393 -1.2882449207048263 -2.456904711495778 -3.610856854137711
394 -1.2435969878146214 -3.103959342736865 -3.1594567737108914
395 -1.2638600326802258 -2.5157023044257136 -2.934194503115475
396 -1.235619251979232 -2.556545433937708 -3.6201331263102703
397 -1.2780283474589105 -3.227009717659216 -2.7703052460326556
398 -1.2794393672175903 -2.267867341344285 -3.1344378991718482
399 -1.2160805810567823 -2.8782588073195603 -2.6963815196583654
400 -1.2723013702784454 -2.773751610034127 -3.1707029019737045
401 -1.253415487400432 -3.191826912304232 -3.729478179019893
402 -1.2524094433312412 -2.782243016485274 -2.812478531724704
403 -1.340227391470805 -2.796354291439945 -3.1866826902132415
404 -1.3062796908117942 -2.4407702402384834 -2.5033795467855215
405 -1.3494047477061222 -4.221655676776347 -2.5884542518978435
406 -1.3543767388310104 -2.538682754387838 -3.118700322016577
407 -1.3217337873043733 -3.1262542390089254 -3.2795103808360113
408 -1.2898316087683788 -3.0173790049795413 -3.5189947280316582
409 -1.3634324547368557 -2.87483268502772 -2.645593729050769
410 -1.4216291861554684 -2.9332182718854964 -2.775871225260466
411 -1.2473661126940574 -2.777793536097114 -2.3974505320464456
412 -1.3303560351576547 -2.9695978848578686 -3.5460774875328185
413 -1.3028802855130595 -3.3068382595558954 -3.1394419109177827
414 -1.2817821165953378 -2.4592373271869974 -3.5316155750576685
415 -1.2981959444333067 -3.0848176293554115 -2.780516057976851
416 -1.2872009565973201 -2.319650665976958 -3.242046732827406
417 -1.2606208202016658 -2.7339427732067922 -2.562758766898578
418 -1.2823521263908302 -2.0857740675817875 -2.2260978485526106
419 -1.2194344919672855 -3.1064364971675413 -3.2961590789160544
420 -1.2148410643892538 -2.6790849999684716 -2.5728750062754315
421 -1.179624455959189 -3.3307715108687854 -3.136651769541889
422 -1.281470544409535 -2.999455850883511 -2.9070283761125806
423 -1.3755973784697475 -2.1078543303924553 -2.5750645244817263
424 -1.2906327447959374 -2.546396934336365 -2.712249117860569
425 -1.3445517042994406 -2.5600842416796477 -2.7531531440183405
426 -1.31870067989688 -3.4747368122119515 -2.9888755899575683
427 -1.2910652223712094 -2.4480062717405473 -3.1419987900614474
428 -1.269210611092533 -3.469146053761244 -4.032751461583315
429 -1.3631395778198463 -2.97032791117031 -3.5192429060852213
430 -1.327807606540942 -3.8116594972811373 -2.24277651590936
431 -1.375081878606015 -2.7340454882594605 -3.39843009141492
432 -1.1887750346036854 -2.455780565976187 -5.386095134066768
433 -1.3773012182066835 -2.9236865581557128 -3.30930152849903
434 -1.2602972735168996 -2.8544549560711125 -3.1598576088814254
435 -1.2754304371550058 -2.385006539740339 -2.900739230662911
436 -1.3919443842529167 -2.533851170711181 -2.6524906943929913
437 -1.3126587466413056 -2.5797349448490428 -2.7519227187694653
438 -1.3173030967188455 -2.3272544870016127 -4.06129690944408
439 -1.4138794990017656 -3.8956165685686797 -2.8748335541247463
440 -1.323407115742289 -2.525018443583111 -2.930004147988212
441 -1.4148059511073952 -2.4651238591987594 -2.8882805286031834
442 -1.3392624218226037 -2.4098816770358127 -2.8570109904587393
443 -1.3347642637847659 -2.3398921070446392 -4.360666002379966
444 -1.246408128114708 -3.394320196431076 -3.230158415153709
445 -1.4176992985887846 -2.241758301187374 -2.7445702345373997
446 -1.2128149969426372 -2.54091149769936 -2.2909978473863757
447 -1.3607140310578385 -2.9843982915365297 -2.7832300084863686
448 -1.3018595857626623 -3.0718134987057297 -2.9234609433246006
449 -1.348961034445594 -3.123444243346616 -3.6061245859510054
450 -1.3532493639596748 -4.071694918733558 -2.7380831992501213
451 -1.3328719433155816 -3.2664935557406904 -2.26455333302921
452 -1.4336056211072108 -3.359088691789604 -4.465242372076761
453 -1.3001496748620103 -2.5233893440065684 -3.9542156593960613
454 -1.2210707538778136 -2.463191435078978 -2.968873041945237
455 -1.2612919274052197 -3.109833203404875 -2.634010267344545
456 -1.3286557348814334 -2.7756973811147914 -2.9182298706785734
457 -1.228464136196946 -3.033423865311578 -2.099737068343901
458 -1.2851203345106523 -2.933149440705572 -2.6678354932413564
459 -1.3803526834443 -2.831942149638404 -2.447095808362
460 -1.305962827235726 -3.0246715686958674 -2.865705486566866
461 -1.301768563980537 -2.73277528139465 -2.0600734241579364
462 -1.325631978139157 -2.717397165960497 -2.6761991600433372
463 -1.350068753150544 -2.7657859979485764 -3.0211523149681274
464 -1.3234017020044802 -2.456398987787182 -3.006443047985234
465 -1.340053552489327 -2.5470500291722002 -3.110580740997718
466 -1.3220205572363963 -4.596537981241874 -2.458534137961516
467 -1.386395964507047 -2.7807826121319374 -2.7020879599257914
468 -1.2966349141533782 -2.965019147965556 -3.120389926740882
469 -1.2745072053315565 -2.4227908688422564 -3.1752468139058134
470 -1.2923471274225984 -2.5913268989893514 -2.6367670531807605
471 -1.2907190009280347 -2.454445203183935 -3.211713071941248
472 -1.1658525577482264 -2.974555514310551 -3.335827573775465
473 -1.3232758632385972 -2.569537428846163 -3.074520096837825
474 -1.4109638748744333 -4.134227798065214 -3.013626181944675
475 -1.5769873602394733 -2.549549668360263 -2.7948640282239063
476 -1.206973756925109 -3.262337967837884 -3.8170182436177935
477 -1.2405581937880117 -3.5265788661014845 -3.1369120153340884
478 -1.214512566795729 -2.558687920198476 -3.9957531939193367
479 -1.2820390222930245 -3.0041623621339175 -3.4242998538701928
480 -1.3321632306725573 -2.911911805774186 -2.663723061766917
481 -1.1991864741312983 -2.552991231248836 -3.305718133265291
482 -1.2828669924518972 -2.568820861816582 -3.38931142293866
483 -1.319547581371712 -2.8552159403906847 -2.7777670317467202
484 -1.372009269763801 -2.3709172786777413 -3.156149660967644
485 -1.2694945098386876 -2.7316388451271676 -2.5127740841591906
486 -1.2684269958824304 -2.5630200834280332 -2.9385250866836925
487 -1.4242409876592386 -2.419635489071282 -2.8808611873539127
488 -1.1991660620068774 -2.917335875232554 -2.4683844627010423
489 -1.28037913141719 -2.281365048087719 -2.935638541757157
490 -1.3708821917293716 -3.299199889207985 -2.4256737801999333
491 -1.3410304293108615 -3.1941490048817185 -3.5692171460074453
492 -1.2833129601886397 -3.415511026916134 -2.3186882997923597
493 -1.3399370820665717 -3.1750412477679557 -2.9830681503396383
494 -1.2232880550888077 -3.3430856822307664 -2.3945495103512093
495 -1.3701224897468112 -2.7595316966758476 -2.5968830474145577
496 -1.3046713229211575 -2.570020190512165 -3.2430750214654185
497 -1.3964107253106341 -3.3470024713040005 -4.022788642784401
498 -1.3929554949540526 -2.257687036558922 -3.8343521889450343
499 -1.1662086777232197 -3.121051022130459 -2.503211094264051
500 -1.2794866199703876 -2.489840132967235 -2.6828715403532954
501 -1.2551649098578068 -2.689669835690783 -2.4182328799437807
502 -1.2337987251944738 -3.4425260534447277 -2.4099466762918857
503 -1.207567394101467 -2.59871231169462 -2.9439444181097545
504 -1.2392231124537707 -3.556943738281513 -4.226099950681366
505 -1.2820566674908191 -2.288262592511118 -2.9023429271250594
506 -1.2563656923573643 -4.720835767744799 -2.8728398953753467
507 -1.3042370667140222 -3.4630125271265406 -3.2161019863595923
508 -1.338050789290701 -3.0211150688594297 -3.5366031940000324
509 -1.4319313207820388 -2.9191156047068323 -3.475732020757862
510 -1.2756086080712288 -3.6387105258704877 -2.978531399844794
511 -1.2209749811720192 -2.591632991732648 -2.8679494898712874
512 -1.2877296048789653 -3.15071472092561 -2.7730109443456343
513 -1.3108392698500335 -2.474567895047441 -2.905851725286114
514 -1.3468230736706295 -2.64667206197538 -2.4963400643624567
515 -1.3656378396350288 -3.4725321006713643 -3.2176486980753354
516 -1.2027921893201141 -2.804229643218206 -3.3635424698197203
517 -1.336181577581266 -2.9505871639111683 -2.756737333522259
518 -1.251257946629159 -2.68636746092953 -2.645678837298971
519 -1.308009618710759 -2.3138250811239036 -2.4319958341270147
520 -1.3026304671829387 -2.9399986022869564 -2.839915809993859
521 -1.2352409636534467 -2.445916272040013 -4.121378901929125
522 -1.3204820186044197 -2.1364449029160304 -2.48514919369006
523 -1.262357231112319 -2.588235402918679 -4.384453026481987
524 -1.3369481199042064 -2.671834291803161 -2.440413889804948
525 -1.3400093189186901 -3.048524055783607 -2.822890151704416
526 -1.2134284677751292 -2.536934752448557 -2.5276477705622713
527 -1.2348560520390888 -3.2015577720247648 -4.045476924178384
528 -1.2832323663248908 -2.309619476751132 -2.9523438418978043
529 -1.3808036848045615 -2.5154115812463687 -3.3627701409511426
530 -1.2626952348299187 -2.729947326165112 -2.4516727074267943
531 -1.2930687562794123 -2.984893130681499 -2.41708248296716
532 -1.2471400811687852 -3.0169010679518937 -3.0203357849971564
533 -1.3425343385002357 -3.3311713187174794 -2.8196659973991496
534 -1.4058856207215071 -3.4370590054716668 -4.389927246071086
535 -1.2792535414606723 -2.2151834861053423 -3.34308871127349
536 -1.262872017093951 -3.4302297058331193 -3.128217995704389
537 -1.2649365231033751 -2.3664865472727423 -3.222709694963575
538 -1.1910195513251818 -2.432379025508554 -2.8349400935523943
539 -1.5745476366900486 -2.3823758744712835 -3.1594490047689265
540 -1.2362265018847942 -2.7923626915148074 -2.608103504339914
541 -1.255000682015275 -3.146164433222985 -2.3887356660135053
542 -1.2575144552402204 -2.965777539020975 -4.467546799041687
543 -1.289173184588983 -2.5643227242817646 -2.718881867053393
544 -1.2614437667679737 -2.618766710694151 -2.9167575824386223
545 -1.2965393829668312 -2.696167065228343 -2.6341840689980613
546 -1.2763624390820223 -3.272932228331001 -2.2785173127930913
547 -1.3842026219655976 -3.025683105988159 -3.4539728394348863
548 -1.2702393720963197 -2.2604201055102275 -2.7403625457460077
549 -1.3199318147586778 -2.5688958742577994 -2.6758036215882433
550 -1.3171586210378041 -3.5025208385593842 -3.442794805397474
551 -1.3224993061884782 -2.4036806191845703 -2.683121851133353
552 -1.239741393218712 -2.8475064951351223 -2.6337607983219167
553 -1.3267939114517622 -2.7993742002538786 -3.3266117241743967
554 -1.3848046434207697 -2.608977866193581 -3.771782569502847
555 -1.4008628813402209 -2.4261326883558367 -3.5525409436032134
556 -1.3363479209259637 -3.660987234487868 -3.134212589514264
557 -1.2693612418067524 -2.4406870341393003 -3.073434383634235
558 -1.2723190747379631 -2.616009414220731 -3.3429754802953404
559 -1.3027711817289045 -2.645216914630167 -3.3383020247625
560 -1.3036029318616829 -2.6654165602121727 -3.0556859944145534
561 -1.3909695988026758 -2.7684916176435195 -3.228142951081429
562 -1.1679017849414501 -2.748020251801212 -3.41161107379712
563 -1.4436756419840253 -2.8142246197774843 -3.2980481437437557
564 -1.4074517925320973 -2.772708881912286 -3.0442724671365724
565 -1.3594914839822543 -2.692510761754693 -2.790145193913372
566 -1.353550035731912 -3.012525504486709 -2.9119095078133324
567 -1.2456250598400664 -2.5853999608020524 -2.7610715228257687
568 -1.2901777998204236 -2.9387633951855316 -4.0240503615529954
569 -1.4542542195930306 -2.791890597862426 -3.1765388316206855
570 -1.3568288556024388 -2.9033210282252195 -2.134323786736683
571 -1.2682882794038315 -2.6509219842281526 -2.1249976280391625
572 -1.2992706405773715 -2.7401494014294734 -4.1995600095574215
573 -1.3604352590137667 -2.6849095622370904 -2.790530287871036
574 -1.2160854073095744 -2.3735844498858465 -3.3413544849581407
575 -1.3462173345784945 -2.6209922309786386 -3.0309101548999764
576 -1.3812900770804302 -3.7172949784034426 -3.1302650652564643
577 -1.416503798086545 -2.9072472913057834 -3.413971679896931
578 -1.3222747294499508 -2.198903787996423 -3.4339865188348466
579 -1.2851750606652559 -2.470414746516113 -3.289827517635408
580 -1.2226899799945905 -2.7816564262088908 -3.638827624489456
581 -1.2311337454583156 -2.529580523632694 -3.092834320460492
582 -1.3352829991426924 -2.6593531009174183 -3.492195052607932
583 -1.2428694144441008 -3.6979301488292853 -3.2496242081532474
584 -1.2268612624269652 -2.5536745479445906 -3.02352030342648
585 -1.3215359608014723 -3.3440758415021885 -3.654092551826062
586 -1.368374727818335 -2.7585250819416616 -2.292519130362391
587 -1.2773985615856982 -2.7972434171240224 -3.2154470774888866
588 -1.3865966332215809 -2.7292928676441384 -2.8777156100613954
589 -1.437619007312332 -3.442651063106377 -3.5773473236571087
590 -1.2425249553955862 -2.913916456271732 -3.2228616311966425
591 -1.2833634332323653 -3.3848499335310187 -3.0903716301316924
592 -1.3016942178505073 -2.7974000097001506 -2.415507026423744
593 -1.404954021527495 -2.8411535568818005 -2.707355161800822
594 -1.2523174986165966 -2.8966403480927667 -2.7722178087345144
595 -1.3382688984873625 -2.526605444429135 -3.4891810538169286
596 -1.2837981327697352 -2.886829224292214 -3.392076121295643
597 -1.2491803773053503 -3.527658992158719 -5.182844807443482
598 -1.3186260161810874 -2.8467587274421136 -3.250124073216097
599 -1.3104769028904697 -3.8305702737016127 -2.8748906493074395
600 -1.3673687036457423 -2.8764210274640383 -3.398593825224755
601 -1.37174636498321 -2.6772837438057344 -2.769316093105613
602 -1.3847991839551743 -2.9685652400915883 -3.5725130366627558
603 -1.346789968943006 -2.0654373573107883 -3.5190424076695597
604 -1.293167024680407 -2.783535451104226 -3.344616638017415
605 -1.4388661631026767 -3.004518244171906 -2.6052615341350727
606 -1.2018649610461778 -2.931660143853635 -2.9747629928747834
607 -1.4121477717302442 -3.025347754446051 -2.5039935882689606
608 -1.3003538455157717 -3.59304994634261 -3.8600848827370933
609 -1.2879004076762706 -4.103471414253217 -3.0396960203791408
610 -1.3303132815555867 -2.782520796415304 -3.755107619423784
611 -1.2879981291659732 -2.9746492153336965 -2.4222306336877075
612 -1.2757905019964735 -3.0199367897516938 -3.0508742754920033
613 -1.2847131937403518 -3.4377503107531684 -3.1219372881181595
614 -1.3926010070254164 -2.9254295793164005 -3.0558911055948936
615 -1.4863615166795707 -2.534141661995553 -3.701647840294755
616 -1.3272307099093357 -4.366588466390535 -2.9405280936692804
617 -1.2972514810788547 -3.35421218171455 -3.740190150454504
618 -1.3576144074072445 -2.1336009007763885 -2.5091954898089877
619 -1.2249153215514965 -3.0035546683703904 -3.1316207822781212
620 -1.2590117655270454 -3.069514859454662 -2.765389052308053
621 -1.343799487542118 -2.6781280701044636 -3.4926941977975257
622 -1.298009669421868 -3.0295690698115934 -3.618596553155562
623 -1.350176933241752 -2.4243039525270067 -3.4382508485124323
624 -1.3168721463480162 -3.035977278128971 -3.1283792560469905
625 -1.2333201115678234 -3.079587746962497 -2.5919943201801514
626 -1.1863490115771707 -2.806947382929438 -2.859362665617463
627 -1.3123919948844243 -2.6774247678579206 -2.952182046604529
628 -1.3794896080353214 -2.303833639477989 -3.5295118231780025
629 -1.413437446284131 -3.119167569252083 -3.074972710892384
630 -1.4282876261925188 -2.741280903867781 -2.614224255373629
631 -1.2067184527309915 -2.542278315955407 -4.0165006354505834
632 -1.1933928650167884 -2.512619746991827 -2.078279548502903
633 -1.2504115381866598 -2.158314008316456 -3.278694018611916
634 -1.2772761991913586 -3.1287357301005376 -3.5981981660938778
635 -1.3827533852785874 -3.33691430351305 -2.828961449456191
636 -1.3936159532325416 -2.9682436673069796 -2.7174118919198413
637 -1.308176914586462 -2.1827448890735908 -3.055963154682101
638 -1.4983311608885772 -3.393289918328421 -2.9666632054382713
639 -1.2838335492305601 -3.2073727700502457 -3.2312567679862725
640 -1.3691704071767679 -2.664883969396782 -2.9096694881976304
641 -1.3766347392328673 -2.250504482741901 -2.5482655087008586
642 -1.3117315122386122 -2.418278969016333 -3.025132513408161
643 -1.360759976388446 -2.682788620440986 -2.930499025848292
644 -1.3670903181556102 -2.767752465949781 -3.0437500163187647
645 -1.316226667357969 -2.6494022087103 -3.348500859412741
646 -1.3542574292368692 -2.394670688695908 -3.592033050916499
647 -1.348980654484326 -2.5486210209132607 -3.2052547756652707
648 -1.2675285559529723 -2.7425390121876276 -2.674697947803674
649 -1.2949914157600588 -3.348719278413175 -3.781113085194656
650 -1.345347497103296 -2.71140648687995 -2.641305486481658
651 -1.3872786412470726 -3.2898185750286317 -2.430535311368512
652 -1.387850338169677 -2.5520836150456128 -2.8082701649218427
653 -1.2809750923859697 -2.575468220642688 -3.266265450142507
654 -1.2599257221632723 -2.085458659034304 -3.7905277146015237
655 -1.2796390919359122 -2.578277583788921 -3.0441220016100403
656 -1.3491153934756006 -3.632872970503532 -2.213711157795587
657 -1.3272018145010582 -2.877924440894245 -2.3574870322382466
658 -1.2166860687340875 -2.382105880885374 -3.206446777980771
659 -1.2920791387777018 -3.114033112328558 -2.506223419631991
660 -1.3417174485790655 -3.495992536769929 -2.648135557845385
661 -1.3721886385614601 -3.0363799154000852 -3.2805161770610067
662 -1.3425997025707677 -2.3762458942674236 -3.0056575610267124
663 -1.3481470673234397 -2.4761905736457344 -3.5249349028482375
664 -1.3231564726280367 -2.7419943574351797 -2.4905283001326253
665 -1.1928399804927226 -3.7958458939817783 -3.0037061263599716
666 -1.288178703667368 -2.9251853388472986 -3.0446429746282133
667 -1.3364989635805666 -3.774271843662457 -3.0061259058022025
668 -1.3287219533420118 -2.6597275434645566 -3.0765838429718246
669 -1.222913031091506 -2.6039826955785514 -3.228644189642925
670 -1.3248484477775373 -3.223176672433715 -3.8847560793784837
671 -1.2875136059648995 -2.0167963083441527 -3.8739288459341674
672 -1.2917412635508547 -2.786539176507134 -2.871273382180919
673 -1.3166315417270538 -2.724827662187061 -2.8511362989635045
674 -1.2763994559495653 -2.9334473000239707 -2.9859148539044535
675 -1.459913380642864 -4.208783426643529 -3.067173076935264
676 -1.3468383128375823 -3.059522545150555 -3.41304180981356
677 -1.3279299739182464 -3.5190326464233586 -2.8931395255402665
678 -1.3095505556958995 -3.0572596341102374 -2.8976183482460125
679 -1.3717272751483556 -3.1457471029148247 -3.4041692085731494
680 -1.372517660046429 -2.277532023189538 -3.5191368486163315
681 -1.2428835976205208 -3.087743766213128 -2.76128645698049
682 -1.4169577289748752 -2.7925091949952456 -2.7029486118704575
683 -1.3541150109021696 -3.056449663218704 -2.5600765331268573
684 -1.4171820044405405 -2.056469696701675 -3.282677999866875
685 -1.2963990440327413 -2.9655336609992786 -3.4859229784747527
686 -1.274406038244389 -2.809143588674628 -2.2610181835137584
687 -1.4133191675703625 -2.332441650529388 -2.874070462251851
688 -1.2676916052567837 -3.20327074832934 -2.8918493308855586
689 -1.307670258832966 -3.0024238179104663 -2.5780531055670433
690 -1.3925577273752816 -3.066164296667417 -3.0560909270308922
691 -1.3642450840055032 -2.9699159525648593 -2.664268918264053
692 -1.3108295237803047 -2.5264910768944633 -2.787126476583564
693 -1.3327704026728582 -3.8289065424865036 -4.214078920397831
694 -1.36549311584956 -3.777019794464182 -3.072069940816508
695 -1.2324528714974698 -2.3779640936772632 -2.5326689609931266
696 -1.3069290413818648 -4.024587558903463 -3.4459769488969796
697 -1.3460808171433538 -2.636070931704026 -3.4790128188800162
698 -1.2666646184525514 -2.8037542575340932 -2.4319445101256205
699 -1.2416606669661612 -2.157919029567848 -4.183188788315149
700 -1.3780193224024155 -3.1521057851634224 -2.910973321468369
701 -1.3698182820725102 -3.5671979883443177 -4.6871617338948734
702 -1.2564154674107777 -3.7850771104034595 -3.360637673611976
703 -1.4098979177871385 -3.0570565677400388 -3.2285854352891947
704 -1.1885765608960401 -2.355965893181113 -2.811159872233604
705 -1.4111930350434136 -3.0177601910354093 -4.361471319116854
706 -1.3124973533004103 -2.5435343848001764 -2.6987687875619377
707 -1.3687342915554517 -2.525402064845133 -3.000652070100659
708 -1.2512173606253638 -3.571664156127598 -4.770096873679505
709 -1.2419491350097422 -3.3401603815917618 -2.513832622767444
710 -1.3814186396965178 -2.4632085406542 -2.6326778426667468
711 -1.2899588800037687 -2.7832585718678744 -2.850170467003169
712 -1.2692685426087396 -2.988977836475225 -2.1578240240923496
713 -1.2797520017910922 -3.6225251121669904 -2.907883568439607
714 -1.2856730617045051 -2.8029016328516145 -3.600386554474936
715 -1.3481442073220795 -2.794645456728099 -3.3570529886316156
716 -1.2885411264101427 -3.464439789035717 -2.999794636197632
717 -1.3722123477907922 -3.9768934687847697 -3.4624291139640815
718 -1.34871079165789 -2.886862570389745 -3.208261778506673
719 -1.4381454296082115 -2.949888179948543 -3.451284472743534
720 -1.3876817764271625 -2.91309838984781 -3.020317320939774
721 -1.4151600673226266 -2.6833992602185184 -2.984703516695016
722 -1.296364233134203 -2.9891816677766108 -3.8226503828595173
723 -1.2444336372004017 -2.503895989323304 -2.965861443696737
724 -1.350245301068222 -3.689645367407998 -2.805973726027846
725 -1.4254809631797074 -2.848492514807734 -2.5786637170905475
726 -1.2275902436726425 -2.876881405621462 -2.890480408000153
727 -1.2987756055106519 -3.5673232934149657 -3.266386875312301
728 -1.2705938911215275 -2.8519695213408136 -2.292357231593945
729 -1.332362340093986 -2.7888476699479523 -2.666193405977412
730 -1.3734834209167035 -2.412598375344519 -3.2118538773313303
731 -1.439399467904997 -2.847086403579259 -2.2123592878182436
732 -1.227785177317478 -2.978279900241231 -3.6815600104276025
733 -1.241095316320844 -3.121751384847352 -3.01552781845805
734 -1.4453609205470577 -3.0678480476565375 -3.5892135259121183
735 -1.333001564225992 -2.463339620037233 -2.67268509918652
736 -1.3708127092672384 -3.0828650796934745 -3.2140481287360694
737 -1.3088634373487529 -2.9824567955755446 -4.224883382537155
738 -1.48714089069247 -2.3954991105538035 -3.427544846549901
739 -1.3887261253874665 -3.3134354902648533 -4.41921055588849
740 -1.430589364147085 -3.509215071062419 -3.0606131182441554
741 -1.2358447318989354 -3.836861180877223 -2.914531511421796
742 -1.3573018504381738 -3.190959420747206 -2.787756820152828
743 -1.429772185721272 -2.2565305034687038 -2.564863327057283
744 -1.3421896489706913 -2.859785852992386 -2.9521832010680598
745 -1.3233612591609196 -3.567499246042889 -3.1427241416706133
746 -1.3450440513802615 -2.8528563525202393 -2.6970432508802817
747 -1.3027955963247482 -3.0386644996689096 -2.5676859443471547
748 -1.2809148046282828 -4.2890861041877555 -3.5026909427582096
749 -1.3401692600573538 -2.973048582777507 -2.3631168757387107
750 -1.392201922901611 -3.0243705541416115 -2.7996378489641516
751 -1.3192487914672926 -2.3060005357952806 -2.7469806653463262
752 -1.3472597491479097 -2.5806193289882993 -3.296362036237722
753 -1.401942978540223 -2.2844240690859707 -3.0279947495203077
754 -1.3365454491580362 -2.9843929599454784 -3.069772722224108
755 -1.3427791059640979 -2.243462642690684 -3.1386108451258403
756 -1.2902420803709784 -3.067734530255454 -3.667775052033355
757 -1.34423886809073 -2.273265888081097 -2.5046318061914294
758 -1.3334535050096898 -2.8367562378418483 -2.910254082572547
759 -1.242519306400064 -3.1457106328243265 -2.7077857717089593
760 -1.2639848480741538 -2.749748595928917 -2.583374630809543
761 -1.3333884869669392 -3.7105468486493347 -3.9061774324363054
762 -1.2706526874784456 -3.3604740976722702 -3.692168407423501
763 -1.3574998800804094 -2.6977744658973446 -2.883361057262721
764 -1.2983484766576638 -2.657362158666299 -3.0196189091073022
765 -1.2179365038319823 -3.1028726142852823 -3.379069457949408
766 -1.318741311770702 -2.929321349887774 -3.281792699277969
767 -1.4063491022276038 -2.648156849741782 -2.845086035140546
768 -1.4008405609502157 -2.8985419365028764 -3.230253371465493
769 -1.287189954697296 -2.9518554448057333 -2.6868546988907918
770 -1.2833248618709794 -3.1385333011863468 -2.5825667792905405
771 -1.3529926342826315 -2.6823919551151554 -3.3545690628210143
772 -1.3517195918306095 -2.966445938269971 -3.546110323031316
773 -1.3277781526880374 -2.7851018879839504 -3.107012154581469
774 -1.2973846130406734 -2.741634576001388 -3.343026985095554
775 -1.3960884946475234 -2.9586956260587827 -3.121819180872363
776 -1.3290303820302765 -3.0583622221671463 -4.652540911462408
777 -1.4394936342377118 -3.088066728796442 -3.1718026546915272
778 -1.3472041514085746 -3.0835199747663715 -3.665025614711436
779 -1.3178860692419414 -2.5016141049352063 -4.1677947317260795
780 -1.3251530190549368 -3.3194765772004406 -2.4547999316315527
781 -1.4023960794567782 -3.041282149413212 -2.654712326776154
782 -1.3230311241012818 -4.338646996872668 -2.7740678543352617
783 -1.2870571793397563 -4.079132095231474 -2.8273187438344523
784 -1.3736008206920913 -4.039925394516325 -3.719151055980513
785 -1.2616269096888437 -2.5564577961893655 -4.006227001330322
786 -1.3963277033041557 -3.174754437023088 -3.0536965050825287
787 -1.411495424712408 -2.9957192467240534 -3.418530108046829
788 -1.3671115714309074 -2.6378856597709492 -2.779567132360475
789 -1.422063006395606 -3.193425804179948 -2.754753101256601
790 -1.3214616906522239 -2.744186524402955 -3.4027676983212944
791 -1.4798046894077448 -3.2074906566994463 -2.5162161893250765
792 -1.4122322055121865 -2.6047393182414433 -3.225987236637616
793 -1.3769047463309874 -3.6268905921336696 -3.4472860739914335
794 -1.29248238815703 -3.9183751401523566 -2.9571147771705513
795 -1.2572304260805585 -3.0388663085176844 -2.729809457887244
796 -1.3892556759377954 -3.4623791457421143 -3.6514225386189376
797 -1.422109083141053 -2.2530979898599908 -3.481144330397125
798 -1.356216612388934 -2.9620740273026 -2.8882810432570007
799 -1.3626236919161097 -2.5673355923975016 -3.8233844389188216
800 -1.356259680910017 -2.8000486217227096 -3.463738498028124
801 -1.2886409718355274 -2.567475451221722 -3.772930382952697
802 -1.2533620141144952 -2.919817327320517 -3.2746141202023304
803 -1.3904496154825288 -2.6505419472172314 -3.9870028067094823
804 -1.49232796994135 -3.1176242366993425 -2.6913343902059235
805 -1.39282006743073 -3.0288973765207663 -3.334086498661789
806 -1.4375524977013032 -2.690999748049494 -3.483614425758911
807 -1.3711542241347894 -3.100176969359606 -3.0505321072684906
808 -1.4783588071550724 -4.355830872467097 -3.1057182477446155
809 -1.3806727619289223 -2.876852647548843 -3.0944442903384184
810 -1.3634216997975315 -2.454912681120203 -3.14545707099066
811 -1.4565655305870062 -2.5021888325468375 -4.2000169733731365
812 -1.6454275490856771 -3.1082683846246244 -4.508927608165438
813 -1.4485271556367838 -2.9038148611231778 -3.0688227902730114
814 -1.3992720210364475 -3.233940046821786 -2.6354557659258027
815 -1.3420165241922524 -2.2191046268514976 -2.907687551396258
816 -1.45778468341933 -2.3782800715599204 -2.6639442984335684
817 -1.542535037603568 -3.8709692446955604 -2.987918375612164
818 -1.3801166306084185 -2.065709342105813 -3.4374864646197913
819 -1.5086403285002554 -2.997561769975842 -3.414369591973631
820 -1.2818563373568175 -3.0812612252465876 -3.033970380851522
821 -1.459841624334579 -3.0967603688335936 -3.917622054496942
822 -1.3498258188340357 -2.896576991662633 -3.07643031109533
823 -1.451710700653398 -2.526978873695427 -3.1411108004203276
824 -1.398840016683315 -2.9509902588032904 -3.377333811490796
825 -1.5953840969216835 -3.5462141020483506 -3.4998779241532056
826 -1.4266870561203675 -2.2842118155766156 -2.990427128980673
827 -1.4510752097299546 -2.241523168343404 -3.4872131096297507
828 -1.3681072831711014 -3.1689998419609378 -3.200682002174399
829 -1.3245165130324468 -2.8317532759095765 -3.274561755033875
830 -1.355563269320815 -3.6776323277141274 -3.087426218187135
831 -1.4039196036285297 -3.113014887088332 -3.722616147074969
832 -1.3173283227116888 -2.8176672022430873 -2.7016431360367146
833 -1.335003932782014 -3.6004742777315 -2.5123505233826005
834 -1.3848788656634077 -3.3260183391633067 -3.10902665337193
835 -1.465306913021915 -2.8274935768947436 -2.910986851180569
836 -1.7292618166540346 -2.2073466024717403 -3.5213760036012847
837 -1.3907663520825155 -3.313815937993268 -3.5614782497504804
838 -1.3917788993935372 -3.3068860830039424 -3.008440686046586
839 -1.3454071165750352 -3.019827563827136 -2.7672352022060718
840 -1.5274940571755038 -2.881936079881127 -3.5290682681537473
841 -1.3536791843017064 -2.8774139557805443 -2.5218391689400854
842 -1.5688446741404418 -2.7266516460160437 -3.0986531811577374
843 -1.498835433119743 -3.0635731474102417 -2.611958186611714
844 -1.4724430231296297 -3.7825899656153714 -2.8429605175389385
845 -1.3785408854062509 -2.933339001670042 -3.4219638280034284
846 -1.3431898534650422 -2.8685480021426133 -3.9366366169392695
847 -1.3857271780341072 -2.490431432501455 -4.64238081411475
848 -1.4418641194400312 -2.6559916784650577 -3.2795726677210615
849 -1.398179467569503 -2.8916079106847667 -2.4275593861106644
850 -1.434023110208867 -2.700272960330384 -2.8632817962481742
851 -1.5018615464331149 -4.384999801830153 -3.7662567242045077
852 -1.3800802257748 -2.717521797422585 -3.2647379107555476
853 -1.3985880910341844 -2.5474954340795954 -3.9979637183941166
854 -1.4273582342348352 -2.4959127608362 -3.072690230781779
855 -1.3421598182524486 -2.329690812918793 -3.1785669737155735
856 -1.4746281836307853 -2.6974566925010643 -2.9520687359657596
857 -1.325678813675641 -3.4542955194164535 -2.8641239838930783
858 -1.4284466495423045 -3.0382359236614955 -3.3498738978216562
859 -1.3619722463412587 -3.0945498073800777 -3.3819885166341446
860 -1.342303275569367 -2.219298606212397 -3.0398764609060493
861 -1.5324261114723348 -3.4577047943204975 -4.69625668615168
862 -1.5933993591694084 -3.36657277576341 -3.4799942720937804
863 -1.4299627287271124 -2.3135875822764 -3.2791734799318863
864 -1.4829828829638143 -3.0718134195522544 -3.4607273153996476
865 -1.4410462995091318 -2.6036722888714925 -3.1486935485992804
866 -1.613044159073426 -3.7589426068533176 -3.330726546368789
867 -1.3927467587662543 -2.741879245008571 -3.242551939356528
868 -1.4900384751339826 -2.8571996993506126 -2.7964587585185217
869 -1.5185190148777883 -2.3506853314128207 -3.3665336927164025
870 -1.3179398594435683 -3.06099923312684 -3.5410815255007284
871 -1.3027249003205073 -3.146355170579626 -2.988313247746376
872 -1.5018748478719692 -2.505276816385373 -2.685210443655371
873 -1.4495159406140083 -3.724188866336473 -3.243403709896947
874 -1.5798398673443763 -3.2564286449377704 -3.2349793754583995
875 -1.4389563604212614 -2.639738975647484 -3.029699924303995
876 -1.3475254368908698 -4.2880367768205545 -2.7604573275307356
877 -1.608498121325573 -3.2783219525735308 -3.331698182122008
878 -1.5193970715546896 -2.4277720926791644 -2.757308123284637
879 -1.4551732076045458 -2.699679689514277 -3.020295760387891
880 -1.3389410223305964 -3.011404246719535 -3.053137656684362
881 -1.4175925684546775 -2.7497018402963693 -2.5618449301326973
882 -1.476271307548981 -2.7406280258997486 -2.750330091017412
883 -1.5009921715819696 -2.7059688560610793 -2.7608164037528233
884 -1.5596916022895906 -3.1787304109824075 -3.3594884727899235
885 -1.4392324727990815 -3.938110501004313 -2.69148806725048
886 -1.5316171415699111 -2.8578152479767347 -3.920620400688062
887 -1.4263390842551824 -4.192200126384393 -3.093982134028273
888 -1.453450512638551 -2.932348534729617 -3.994945680420784
889 -1.4320137610066255 -2.6033613046178767 -3.226260755613085
890 -1.4745569037518504 -3.1445430223362876 -2.9908951821053664
891 -1.461430856197477 -3.414109806672745 -3.168322880412083
892 -1.5321177568634394 -3.0306465912417955 -2.9539815754297325
893 -1.3643936241186145 -2.5740062228032974 -2.9623615673300425
894 -1.539299671621278 -3.2796920839762764 -3.5221828432552234
895 -1.5166630695669812 -2.9890236854603396 -4.121246260550172
896 -1.5456766297612552 -2.700737809939008 -2.9775167362890578
897 -1.4418705232979896 -2.4529374414488703 -2.5749461715776274
898 -1.487684602030966 -3.5421047048092813 -4.265634126462133
899 -1.4911860156642556 -2.638902973947058 -3.2011889251689865
900 -1.495504868750529 -3.251547721139112 -4.264030353041589
901 -1.608394797891209 -2.317377643106986 -3.1939264990541387
902 -1.4572867793658273 -2.817266306473041 -3.229057121587327
903 -1.427724102882044 -2.5710062911054896 -3.2435620282903894
904 -1.3067105976103255 -2.6216455523138893 -2.3344927675133182
905 -1.5649789069238842 -2.692535844028412 -3.000830101517508
906 -1.6163067471512016 -2.6947872512358897 -3.276883033320425
907 -1.4643731701810423 -2.9193880134657024 -2.9623301061800196
908 -1.4803807475635362 -2.931133692945685 -2.3542435085631284
909 -1.4916163780650882 -2.5621431963278885 -2.423215746148758
910 -1.365698202361928 -3.4665338641306813 -2.8309474530350904
911 -1.369339317459588 -2.315233726054967 -3.162468098939977
912 -1.4872093173605054 -2.9506734843279556 -2.691005075488435
913 -1.483987300183268 -2.806993516919906 -3.7421471325984603
914 -1.4135244575006698 -2.9563739430924008 -3.1446047171277125
915 -1.6243578935520309 -2.321940550226137 -2.8674413627638344
916 -1.416186184299122 -2.457414437038696 -3.271456835432871
917 -1.4600613369651207 -2.7981094668359616 -3.359155456259281
918 -1.522830085979274 -2.257530469340135 -4.963183520212625
919 -1.4033711843459054 -2.6605084971820823 -3.324551831785837
920 -1.3991144452722506 -2.3619206399844304 -3.0119704906141886
921 -1.46553427305036 -3.692291993763595 -3.4795994997194226
922 -1.3337958784051989 -3.4626027251633755 -3.8087035803101674
923 -1.4573712631380111 -2.656869211809798 -2.3583902155564282
924 -1.4020207714639898 -2.726854697976191 -2.7012717417177385
925 -1.4188047120643335 -3.4476011183671087 -3.3360039463495363
926 -1.5688790530183838 -3.5094929706033384 -4.2404084202203585
927 -1.5062801737899436 -2.771222080953067 -3.548659871655144
928 -1.404460600176844 -2.849926013325858 -2.7704417527004632
929 -1.5232251655051214 -2.4834449983377787 -3.135142066656419
930 -1.412242046492338 -2.5181271993231946 -3.570698434810635
931 -1.4907679429609815 -3.106923634017578 -3.203090753026815
932 -1.448178242538241 -3.4251026958891746 -3.226931733221889
933 -1.4946348904384814 -3.1505152882889202 -2.962892051766024
934 -1.456658311198019 -3.2184734346298147 -3.325144991362564
935 -1.5698032782366018 -2.3097168853291494 -3.311255614649732
936 -1.5996531999985473 -2.345013941420001 -3.3215238787666865
937 -1.4974322308974963 -3.152656752079573 -2.7395033568206917
938 -1.6015525791601886 -2.798448446408264 -2.4919482297244158
939 -1.43180474329744 -3.5470127081047487 -3.1654180225484776
940 -1.3304000593594187 -3.9371691723134163 -4.005328049278999
941 -1.5638734363653424 -2.9704317936136255 -3.5031615186238603
942 -1.6646213109807277 -2.675644852690778 -3.5016089836434654
943 -1.5647771917889761 -3.048802871250082 -3.2320345053833615
944 -1.4738773604159219 -2.547830851024369 -2.444882502291717
945 -1.2742610485788344 -2.4809607135395546 -4.446671906360192
946 -1.551095730580837 -2.8709213145549652 -3.534841557911015
947 -1.4137032185435718 -2.9737038051745355 -3.2113179431140306
948 -1.6285954511472918 -2.3749270512974983 -3.2390984234522513
949 -1.4405956851518913 -2.5529994749068745 -2.772159798509245
950 -1.6146995039943826 -2.3540741426758487 -3.21890819763498
951 -1.521153919467934 -2.5258353706986867 -4.3508841799178795
952 -1.4857867494451036 -2.7853873885718983 -3.038857141939569
953 -1.4513711019779616 -2.8158104753749216 -3.2438432360669096
954 -1.5796625881255775 -2.877833083590088 -2.616110782527302
955 -1.6134541684655404 -2.6709053827353544 -2.8722634045457305
956 -1.406196292570585 -3.686732753724037 -3.5397470808208684
957 -1.5457138188692503 -2.4785985416683274 -3.0336640162493262
958 -1.5656393755621667 -3.0898423943152595 -3.1142572109127187
959 -1.4402948222813896 -2.910030510289396 -2.210129419212404
960 -1.5501937054293957 -3.658120703142603 -2.94883504471517
961 -1.5010944809005773 -3.202097040888594 -3.3302909861401204
962 -1.4402085305661978 -2.7196412004601354 -2.985042318105628
963 -1.4504836756283337 -3.024980461830572 -3.5319939517446355
964 -1.5582293669560243 -2.6046083945403904 -4.055244968056235
965 -1.4470384764285043 -2.9720271620390197 -4.887834639099198
966 -1.5361219972701203 -2.768592810538041 -3.2165379297884478
967 -1.6419557252558323 -2.2513232742230866 -2.306431645512381
968 -1.4943056792775664 -3.231756691572024 -2.3788336807817356
969 -1.5824385618501353 -3.0958156824707603 -2.3509509711517915
970 -1.4696791599404322 -2.6422939575945867 -2.282359351821871
971 -1.5668101222938602 -2.8969421169358625 -2.85271020264002
972 -1.483869205835588 -2.718619472640097 -3.2158771843185914
973 -1.4611186815610484 -3.060980672600467 -2.916478775256285
974 -1.5080388617571598 -3.1316467977829143 -3.4666796857403277
975 -1.6120470624523773 -2.60608053879516 -3.691654521585871
976 -1.6092779454455637 -2.880501951164273 -2.9390271932914414
977 -1.4739407878410165 -2.67539833707535 -3.6100072219179284
978 -1.6205995174467338 -2.861818224063172 -3.022293116746536
979 -1.5415334685809658 -2.88563330696169 -2.7285017278299852
980 -1.5962016344320686 -3.9614497910685498 -2.8425112344883092
981 -1.701838795834528 -3.0626980421454464 -3.540790621560764
982 -1.4326308280035633 -2.8177305549272686 -3.0589352231866127
983 -1.4908636548018976 -2.316934566856719 -2.325548141819327
984 -1.5305309125792168 -2.942383707622045 -4.154417392472031
985 -1.4178230166311352 -2.420112660110232 -2.510700975934453
986 -1.5547693747935207 -3.0241787101411304 -2.9263507307554897
987 -1.5967414737546988 -3.504506042569229 -4.296092792485837
988 -1.592926837804176 -3.7894221076247665 -2.5139264312924334
989 -1.5526364214552968 -2.3116096098308354 -3.423237024187328
990 -1.5693254808233053 -2.9188380350321217 -2.9913001000370323
991 -1.553553312692975 -2.9238048421769136 -3.038432274202373
992 -1.3916280552102807 -3.2403946913002803 -4.039836444632942
993 -1.5816864788535276 -3.2862000261715583 -3.1625957854580893
994 -1.7014620692750682 -2.5847684453725863 -3.7666477708343824
995 -1.5455090117474863 -3.250258123072032 -3.519964348804538
996 -1.7158757007808765 -3.057201116251978 -4.234906107892164
997 -1.3334951994571616 -3.70771459164092 -3.4741145296943037
998 -1.5847614852767127 -2.928104555163039 -3.684959666486473
999 -1.4965057319858877 -2.1434691677097577 -4.1042179707827975
1000 -1.5073777511067676 -3.622836762781842 -3.5879063968654514
1001 -1.4777540625531587 -2.2334994535120853 -4.174110025927393
1002 -1.3752064738795535 -2.237499551626124 -3.4974096910564962
1003 -1.7724079932176373 -2.8224096101704634 -2.573450061769272
1004 -1.406058019874656 -2.619823618032461 -3.5632335125230523
1005 -1.5676823332612388 -2.8641341641355162 -2.73638280903466
1006 -1.4491362783844681 -2.253715969728896 -3.9798755203174534
1007 -1.5739249181935888 -4.643816963078039 -3.3604060993902163
1008 -1.5451770310912445 -3.135627532614653 -2.419781793681553
1009 -1.44703129477301 -2.794926056282531 -2.807299707854072
1010 -1.4244807080666042 -2.817684844658586 -3.0006909948655047
1011 -1.4009677741498623 -2.8812278722299163 -3.3890540976413317
1012 -1.5963617915167885 -2.9928648778998364 -3.53070039446821
1013 -1.7542301219729557 -2.93804994768995 -2.9784275803744213
1014 -1.5349309171696914 -2.205144704509517 -3.7365257901793325
1015 -1.574365118231991 -2.779551766220157 -3.0805201921889864
1016 -1.5302189550409429 -2.7022428021223868 -3.5092510989451653
1017 -1.39410839451639 -2.870501042729751 -3.4189292702788454
1018 -1.438178059773592 -3.8560270096914273 -4.138753066536166
1019 -1.3293173987026565 -2.8214852084635194 -3.1233603961190415
1020 -1.5124865069083624 -2.688218307827652 -2.8674269707157496
1021 -1.5826579067750817 -3.4184355014140144 -2.41453969125306
1022 -1.4898522901554707 -3.3471573535567254 -3.0984144787843073
1023 -1.5585300791304464 -3.2857862579250035 -3.56190146942148
1024 -1.5361478381448583 -3.25417494246197 -2.7598205011659798
1025 -1.4228715998549324 -3.3675470779591548 -2.5872104219434613
1026 -1.6273302434085797 -3.5587995493140085 -3.5476653303714105
1027 -1.5687568748250995 -2.7118172180510607 -4.070087558688287
1028 -1.4759031952965551 -2.9384779530391705 -2.786775572015589
1029 -1.7896863765533872 -2.499815370238598 -2.4341946197922684
1030 -1.766769991673098 -3.531559776578457 -2.7036943036888137
1031 -1.5441875017750752 -3.4299959160882256 -3.806287592681036
1032 -1.7584584350074821 -2.9525017568715715 -3.4192576088899873
1033 -1.342356168288444 -2.837742526112231 -2.364216976793012
1034 -1.516281263529966 -2.6302408340433523 -2.146233190949097
1035 -1.6199489805745795 -4.978327207211224 -2.8186462232365024
1036 -1.5596567664253687 -2.5949090057731232 -2.409620354391447
1037 -1.450671947931182 -2.359400574815165 -3.4982351652898602
1038 -1.5933062309810453 -2.6663355959916997 -3.688490816175636
1039 -1.5886970864072292 -3.464419825929347 -3.0517045726680307
1040 -1.2827781172957795 -2.9481360897949695 -3.36579831857151
1041 -1.4858479717771451 -2.861136664801244 -3.05973563464563
1042 -1.6405732516882372 -3.1719982380654677 -2.600968491693416
1043 -1.6810185263774555 -2.7990788590024986 -3.2240156962631197
1044 -1.5903591675176372 -2.187625555958248 -3.658136346999932
1045 -1.4718427896735709 -3.2095564008883994 -4.480821283208432
1046 -1.4274294970009582 -2.7879346851084166 -2.9629863511184147
1047 -1.5165028560036404 -3.0364922770302485 -3.3590076790982746
1048 -1.5320829233061433 -2.52340412397435 -3.506917328141627
1049 -1.6675838746200806 -2.7236392177469706 -2.9632368032853798
1050 -1.4071351363323015 -3.085880830782287 -3.2577785553300247
1051 -1.6664447468794612 -3.020933854687603 -4.054902971480109
1052 -1.8430617404259957 -3.0835127565788194 -2.540950136706688
1053 -1.6881972123519293 -2.4772917626006197 -2.478387076717395
1054 -1.6081061061358222 -2.8513485474361877 -3.0771680183132135
1055 -1.5368729060126787 -3.3228618595790365 -3.948526583887508
1056 -1.4282291506915008 -2.4541226117266497 -2.9423426896009395
1057 -1.990908245617722 -2.459943112207976 -2.4737672273044384
1058 -1.4814670633057485 -4.824398384718672 -3.2476576446512473
1059 -1.4738092668812892 -2.793770107293145 -3.1634824463830107
1060 -1.4018079547538047 -3.057397772859487 -2.4519370706766748
1061 -1.5059413416035758 -3.324376124944819 -3.385987477326867
1062 -1.4976056193474727 -3.4446972286760316 -2.917994662181719
1063 -1.6769547484519076 -3.0118169784212157 -2.440285552025463
1064 -1.4166632005671311 -2.088620123769798 -2.904513969081853
1065 -1.5883918553080325 -2.6523795100072634 -2.839827567360573
1066 -1.5077872407322097 -2.344169821850603 -2.3480869281549466
1067 -1.4420389383371806 -2.7367789803247864 -3.0305400358511845
1068 -1.2734874526561684 -3.0296760991076237 -3.322661682835107
1069 -1.7912462572459273 -2.673172845747536 -3.2269244535018626
1070 -1.5415474221984355 -2.992605192325109 -2.5439836524235244
1071 -1.500309409022093 -2.8343254829666136 -3.435349046787547
1072 -1.5085781069245352 -3.123486159136247 -2.6000386580616905
1073 -1.4712724434548174 -3.2723265844017284 -3.6236715156850297
1074 -1.5182990592281795 -3.1325094342203372 -2.916764607924409
1075 -1.664268379821667 -2.2649934866672425 -3.0310995973530144
1076 -1.6714290327386438 -2.861985190970235 -3.7969696529607706
1077 -1.567341790104806 -4.122206731895903 -2.6769379509061544
1078 -1.4722029749590448 -2.6293651997672978 -3.010224410584884
1079 -1.4645187649264733 -2.436475825861332 -4.182273016218473
1080 -1.6360378705139607 -2.9933280159861892 -2.445013085228855
1081 -1.6155525548701688 -3.2546794119247164 -3.2999092772612264
1082 -1.5426182631440577 -2.3116509843622697 -3.688111422771649
1083 -1.8208493303978335 -3.438113976141582 -2.9735104506785537
1084 -1.6045873447749968 -2.680947328765358 -3.1540670065235763
1085 -1.6016448557477583 -2.8396976221136008 -2.592176519826086
1086 -1.3855896393705394 -2.5505489976542317 -3.208229190023292
1087 -1.7625894424170339 -2.907623195533665 -3.317973021944034
1088 -1.7547961464388768 -3.3132122730259486 -3.2474710462253484
1089 -1.5215089603328784 -2.9770503594291675 -4.8400865656180425
1090 -1.5145676063783298 -2.7549329797579083 -3.0453795313666414
1091 -1.6616737431906048 -3.9401495449788775 -2.834177583426285
1092 -1.4921663835320658 -2.8321476890011255 -3.449908034456843
1093 -1.6729628079104737 -3.1108591760998703 -2.9570104247831193
1094 -1.5373649407043959 -2.5281347016865547 -3.071830258578605
1095 -1.4367204061950833 -3.4203804203328874 -3.117346604220122
1096 -1.497833326233621 -2.798743933520091 -2.713375170096009
1097 -1.6475394670504264 -3.12376772619156 -3.524668559600841
1098 -1.5822909817563935 -3.0333490062672106 -3.3962889043339075
1099 -1.4701676157306107 -2.7624620931610937 -2.7346742354813722
1100 -1.713237288377738 -3.5231566787016746 -2.570288145730718
1101 -1.4477982897051427 -2.9499536149247065 -3.0480293970835715
1102 -1.494578601332221 -2.568803329217894 -2.010033422118144
1103 -1.3801481343413005 -2.519750925826128 -3.0972314011659456
1104 -1.4640483954649062 -2.309268102402186 -2.4916963670412176
1105 -1.5590278238275708 -2.727549659423352 -4.019563144825886
1106 -1.6193677726699613 -2.6894465689253058 -3.6274001833673113
1107 -1.564290171170337 -3.4787146941769067 -3.4623931772290697
1108 -1.5347762240296283 -2.449692345932025 -3.4448000307622393
1109 -1.6430613370377545 -3.1271184937765435 -3.257078879539155
1110 -1.4559921926556574 -3.6086970804437235 -3.9982415631974186
1111 -1.6293668453995465 -2.923872788189786 -2.8634006185238987
1112 -1.5189075768840568 -2.356128617546971 -3.325218927308067
1113 -1.6671355509956596 -2.6424186153418647 -2.782959408502468
1114 -1.7198570628633554 -2.375569370977986 -3.505308359034684
1115 -1.6247274485996157 -2.6038806577836335 -3.889234696897192
1116 -1.460716201322516 -4.9286673430015675 -3.1960051111783363
1117 -1.5183713498638671 -2.1681109879201235 -3.4184898654750833
1118 -1.3607928381588128 -2.4036805118048474 -2.9830933166544766
1119 -1.5935573840328792 -3.5535276641609346 -3.088633581828544
1120 -1.4703563715728856 -2.717455002615962 -3.700633863700624
1121 -1.5987301210600515 -2.7303402278572495 -3.3083562254093017
1122 -1.6078882693367331 -3.585107080472162 -2.946176712994914
1123 -1.3952510875235926 -2.462739941800714 -3.145203999766268
1124 -1.5292388131472545 -2.8692187947689045 -2.7278275177590365
1125 -1.6497100423775042 -2.5284439624159365 -4.3469678664302265
1126 -1.7652262892476462 -3.221209838367469 -2.669983986606928
1127 -1.4679454000049734 -2.756863191075243 -3.5037384132055096
1128 -1.6711449221374406 -2.6823424660529094 -2.879944618532757
1129 -1.4601558174207092 -3.0334194831123873 -3.108893335900849
1130 -1.5537198294424412 -2.8125247460965546 -2.712130332727429
1131 -1.3222643122794873 -3.280395768296743 -3.47088474230246
1132 -1.6924242141373953 -3.604592001314893 -3.3566131703925786
1133 -1.4875880130124555 -3.2833410334909288 -2.9131365870120502
1134 -1.4980307841694773 -2.9005973767443685 -2.640739757607653
1135 -1.3300002547864356 -2.920345730115572 -2.459129575400353
1136 -1.717000566618955 -3.3524146089256925 -3.2144824138069605
1137 -1.4684042982448133 -4.597626277729655 -3.1984351441406953
1138 -1.4849528173672324 -3.1098348962121745 -3.159355253595231
1139 -1.595209985938589 -2.7616305115224273 -3.2859610115787805
1140 -1.647315280526479 -2.428872699281583 -4.203960371110346
1141 -1.512413783731985 -2.9768816376500484 -5.490122127579079
1142 -1.619643693552811 -3.651051261288632 -3.225752529570974
1143 -1.5466323355452165 -3.4187795660085794 -2.8266857031184265
1144 -1.7293205072642188 -2.645191338613584 -4.233440497667455
1145 -1.3281897875693014 -2.51340792622566 -3.3317437857899352
1146 -1.4879221847648911 -3.3149286807987983 -3.5183144736719125
1147 -1.4738737678512535 -2.0138075817007177 -4.491264463760233
1148 -1.6404501285443587 -2.5071644792889076 -2.8940773080348623
1149 -1.4171442771853184 -2.947631649154302 -3.2980374972556916
1150 -1.634939518400049 -2.9846236956492196 -3.117334406626924
1151 -1.632364551653097 -2.7157338157446707 -2.8172604746648777
1152 -1.5145356625734223 -3.0786727132784475 -3.3037753590126657
1153 -1.5094578818575326 -3.4252699761936807 -2.4222226278149326
1154 -1.6036264402035079 -2.579112141281433 -3.515451916724077
1155 -1.6053369424099437 -3.3286031233818982 -3.0060142004485115
1156 -1.4220334967557846 -2.817762268223727 -3.8952924847115598
1157 -1.5007036431143193 -2.9949314564508898 -4.107038943278968
1158 -1.5937541675423443 -2.5745535545822777 -3.3675168045853154
1159 -1.4150917850243636 -3.5488077349849436 -2.9904068479661126
1160 -1.4925121787784454 -2.7165071017764086 -3.1143369460154
1161 -1.5589619915035835 -2.9219009953116557 -2.893388147599413
1162 -1.4471966363057192 -3.0766880743857152 -3.230814596000991
1163 -1.4057952861140321 -2.761060491410601 -3.0333795269139627
1164 -1.6406393496275034 -3.869088225799271 -4.1887841473687315
1165 -1.5261324756844397 -2.5352227279518917 -2.898693317991703
1166 -1.5664349868779832 -2.962758571179379 -2.8509729265176693
1167 -1.7624874643721453 -3.7358850218037567 -2.8992198145567842
1168 -1.6699613360477472 -2.901800154797622 -3.8292897212129335
1169 -1.6111874778738533 -3.632037179328732 -2.6988196269558973
1170 -1.3835230177476072 -2.4796536121522577 -2.4287249445765005
1171 -1.4698886145013876 -2.5305692682689322 -3.667278270211886
1172 -1.4772880588715196 -2.709444084494585 -3.4252092172899267
1173 -1.4639399339404284 -2.816575181502627 -2.5669168677174885
1174 -1.5331947583652816 -3.160347280347165 -2.8595061458042195
1175 -1.381006386188786 -2.7440429444563246 -3.320446859301863
1176 -1.602277753020737 -3.0902338004103322 -2.883056769255536
1177 -1.4594133362820585 -3.722886892823755 -3.2316398120583347
1178 -1.7281421043397458 -3.7836671904475163 -2.496550089665367
1179 -1.5502905284124935 -2.9088785001367317 -3.114665461394038
1180 -1.4954042033345774 -2.5029186497367193 -2.993371568945965
1181 -1.5121185412545126 -3.4556005116663893 -3.35257895987296
1182 -1.361313482791935 -3.0635167720688163 -3.3554406290600243
1183 -1.5189350830550905 -2.279670679647981 -3.216974818521325
1184 -1.7846756907758698 -2.905825662461972 -3.483975529714229
1185 -1.6316878996775204 -2.6467490475231963 -4.000705727594761
1186 -1.6174173016498326 -2.8461289737384927 -2.523769794076595
1187 -1.4972878596733117 -2.7578480956332356 -2.741420957960844
1188 -1.5859961604140018 -3.409151796196868 -2.8416651141036624
1189 -2.2375090834182267 -3.6498865244085574 -3.4619684075120984
1190 -1.4577472686739301 -3.782528423843095 -2.537799517743032
1191 -1.3682628948783189 -2.828143126032938 -3.298358256351801
1192 -1.3963789253300682 -2.8372078119745265 -3.1854893337061445
1193 -1.680731523873581 -2.58726856051756 -2.6343222731409237
1194 -1.7257725534620147 -2.723018308304163 -3.34386867787562
1195 -1.5135005723082158 -2.7825712860988445 -2.6436830836091856
1196 -1.7053803593907086 -3.0553188427586013 -3.10882688418676
1197 -1.4398897031883018 -3.484158397826606 -3.010635853743873
1198 -1.5864158711705005 -3.0052762769247208 -3.234322545714427
1199 -1.5433203364263497 -2.8929921632712152 -3.382622765215438
