x y12 y16 y24 y32
0 -0.025151773393733104 -0.025331003219196964 -0.02488112945368206 -0.02500670030823304
1 -0.024717143342060172 -0.025327577032892814 -0.025037390190990452 -0.025124436256236612
2 -0.024771916389611563 -0.025351998337420224 -0.025046002938457997 -0.02516266497687681
3 -0.024711224313808195 -0.025444684605113718 -0.025094620847618113 -0.02518614313237212
4 -0.02483057818968816 -0.02535337358908603 -0.025151421202276553 -0.025264728776930007
5 -0.025069214707231644 -0.025445507138521336 -0.025157262480579774 -0.02533066859690494
6 -0.025062361347673576 -0.02545951800787646 -0.025290464544022062 -0.025421305653340345
7 -0.025055839220569462 -0.025553260584458826 -0.02531942403600089 -0.025483604754264113
8 -0.025135193691275617 -0.02551717190165736 -0.02539289035929375 -0.02552444928069747
9 -0.02522112211064761 -0.025502610654589697 -0.02540164927226833 -0.025905440622241635
10 -0.02521484944477877 -0.025508845632798607 -0.025480549123405295 -0.02553289473728475
11 -0.025158872850984344 -0.025574474418972128 -0.025449357779512457 -0.025604995942374798
12 -0.025396078782514944 -0.025542290870040747 -0.025566293017276327 -0.02558290040987915
13 -0.025304329707626055 -0.025590055708023935 -0.025626162333906244 -0.025694564547489543
14 -0.02531240312317601 -0.025553038591888413 -0.025444027660544023 -0.025715239138299317
15 -0.025452984393323923 -0.025646134134308097 -0.025549470103948313 -0.025665703981549104
16 -0.025466187246322977 -0.025722281851732805 -0.02564894587559652 -0.02576386055750668
17 -0.025423473477421996 -0.025733326802670233 -0.02571347611175368 -0.025731812438590386
18 -0.025437276766563224 -0.02580265082276628 -0.025744052572103757 -0.025719104019564967
19 -0.025513184053984853 -0.025725525515208538 -0.02564547333534092 -0.025782508077133677
20 -0.025544795936586106 -0.02577975849949439 -0.025701642948540264 -0.02573666088031018
21 -0.025507767763729577 -0.02582539908650823 -0.025699871089924126 -0.025805126498457905
22 -0.025588156024517982 -0.02585753413957911 -0.025793946232430406 -0.025728789097156035
23 -0.025618425386958563 -0.025913828818260244 -0.025726945597110005 -0.02581594392896034
24 -0.025448238548704663 -0.02591329041172862 -0.025777055097662063 -0.02587399950358455
25 -0.025662206388577618 -0.025989061454979298 -0.02567860021556934 -0.025907037237296537
26 -0.025637244059738377 -0.025952959584207843 -0.025747198834660756 -0.025847581503304587
27 -0.025544022247023592 -0.02604471856723919 -0.025850051727943628 -0.025886198757980462
28 -0.0257263420564567 -0.025975156875946405 -0.02589799119886392 -0.025881608094295596
29 -0.025675203616168003 -0.026030751508362246 -0.02576417675220016 -0.025935023196836673
30 -0.025762697179070673 -0.02598263921859717 -0.02588980949554938 -0.025983308556167733
31 -0.02572519130595104 -0.026075081550385595 -0.0259410945045502 -0.025881437418166377
32 -0.025752438937824133 -0.02616304520606292 -0.025849229564846463 -0.025928699223221455
33 -0.025785944191251804 -0.026137519677200006 -0.02599608041725361 -0.02596949635388801
34 -0.025766204674548585 -0.026023359298750822 -0.02594317755629061 -0.025972066218731563
35 -0.02573459949256843 -0.02601604178055736 -0.025883310824024546 -0.026006665498666516
36 -0.025758570447711498 -0.02612426727913826 -0.025921862248588882 -0.026052192028440474
37 -0.025783915265841843 -0.026112305618139334 -0.025929732770416002 -0.026076827267811617
38 -0.02572561850761146 -0.02611104924810489 -0.025999200728884522 -0.025980235833000978
39 -0.025892322244300898 -0.026097946443229915 -0.025907920654105354 -0.026029149472327047
40 -0.025874203411526922 -0.026094157718489067 -0.025983351686777133 -0.026037990429636112
41 -0.02580410824101427 -0.02607204742615378 -0.026021755784211335 -0.02604154838081449
42 -0.025853230011294078 -0.026172527652223956 -0.02602788570301142 -0.02593736090824046
43 -0.02587705405468824 -0.026084547953307637 -0.026038294817852456 -0.026044631687279964
44 -0.025917366692503555 -0.026078063441546485 -0.02600355909341264 -0.026058262212520833
45 -0.025798883821966614 -0.026180726481947497 -0.025947844234369435 -0.026070990196587547
46 -0.025911949094781325 -0.026194345742066916 -0.026028272088511925 -0.026125123000368025
47 -0.025888438267530758 -0.026213684174204846 -0.02606881152864589 -0.026045469102688214
48 -0.025982551282963822 -0.0261998646330502 -0.026102583333530986 -0.02633229464168821
49 -0.02590454991315605 -0.02626974106138478 -0.02601595431502123 -0.026361788419507832
50 -0.0260584766945927 -0.026219839492157473 -0.026008802592359173 -0.026233255286337888
51 -0.025953232541931073 -0.026205119338676433 -0.026114895904139138 -0.026163828387351686
52 -0.026106563704520667 -0.02625339946434309 -0.026097894823417633 -0.026143572974212964
53 -0.02602095575049354 -0.02621094666736741 -0.026053245522774646 -0.026070729326105904
54 -0.026001315249495872 -0.026318105918394053 -0.0260614091186837 -0.026187587285744114
55 -0.025967910415181934 -0.026301931305312987 -0.026147734612504383 -0.02617238727828726
56 -0.02599341821749337 -0.026276660791744667 -0.026122754415938185 -0.026140680132089634
57 -0.026005242757909105 -0.026349912672175818 -0.02615029198273829 -0.02614023908695026
58 -0.02614486951837148 -0.02628663159742821 -0.026102498766122986 -0.026214272063475055
59 -0.026148156131696364 -0.026317491830327933 -0.02617887408743753 -0.026265202122416478
60 -0.026001752055271842 -0.02632141846487912 -0.026084794601511266 -0.02617872239086291
61 -0.026068495543832646 -0.026323369654899953 -0.026126300946016773 -0.026213914845687636
62 -0.026049385383055988 -0.026237151752856583 -0.026144797919505178 -0.026264277597951913
63 -0.026030300618690345 -0.026385533269651873 -0.026158163502773765 -0.026249896449989568
64 -0.026085495522612336 -0.026272809366742884 -0.026123687535639522 -0.0262554172294271
65 -0.02605949373450905 -0.026371400758689198 -0.02619998412835907 -0.026331354816223857
66 -0.02610932658851976 -0.026387888131006954 -0.026107503852121315 -0.02630475015717364
67 -0.026089200936596394 -0.026420909984978994 -0.02606519953851684 -0.02627464125997249
68 -0.026136737040836425 -0.02645838805226887 -0.02614622298340065 -0.026297549498952945
69 -0.026185355388576623 -0.026425906768916214 -0.026116767116919112 -0.026259686977696563
70 -0.026166216273512465 -0.02640346796375599 -0.026226132562658027 -0.026220959612325075
71 -0.026171513806252836 -0.026371245079203572 -0.026255422915871376 -0.026204768140431545
72 -0.026202290014163663 -0.02636993032099181 -0.02619191269219643 -0.02626926755650762
73 -0.026199242552418955 -0.026410256297191792 -0.02615406289547086 -0.026323166358752523
74 -0.02620061855168747 -0.0264271227843506 -0.026188669861257816 -0.026253059721570545
75 -0.026121361505359708 -0.026462985461741053 -0.026144503867959707 -0.026275252527746353
76 -0.026162965140693925 -0.026510458001068833 -0.02623425193000242 -0.026318189498986788
77 -0.026243153161201654 -0.026396172111717728 -0.02626369673384704 -0.026316115507787764
78 -0.026176447889925486 -0.026476566175993158 -0.02619854276097129 -0.02629688507590007
79 -0.02620329933476593 -0.02642130275604715 -0.02615494716807912 -0.026326460489310297
80 -0.026277393012697922 -0.02635531662097364 -0.026245851293466953 -0.026334771159518235
81 -0.026225314742615535 -0.02651054648048286 -0.026184740057184432 -0.026309033322911315
82 -0.026188824051971427 -0.02643582983465368 -0.02623616666886311 -0.026327022835151977
83 -0.0261844776188444 -0.026474662949598295 -0.026190202139580083 -0.02640336178565247
84 -0.026228188075519715 -0.02643226745954243 -0.026208577728997165 -0.026354396974242175
85 -0.026170860777101304 -0.026448311473050257 -0.026336415014123135 -0.026274453122785802
86 -0.02621037942387762 -0.026427712844689456 -0.026269704387579314 -0.02629221570335055
87 -0.026176135397633957 -0.02642649645035039 -0.026315125764980938 -0.026344254009234288
88 -0.02620589195500588 -0.0263917713081972 -0.026234651154755824 -0.02628853680605825
89 -0.0261927964473111 -0.026503632487992413 -0.02629380053455166 -0.026323801566127264
90 -0.026272810417381984 -0.02648001617235801 -0.026313207766308206 -0.02636771159500432
91 -0.026181301234976626 -0.026426635992498934 -0.026263081882444667 -0.026376512791207687
92 -0.026297498680624327 -0.026465771319522286 -0.026283004123698946 -0.026430312171618578
93 -0.026333478265589225 -0.026431398871082503 -0.026261815663968967 -0.02638289058533044
94 -0.026290688873269998 -0.02645638486020051 -0.026376363781758557 -0.02633067033250557
95 -0.026249893561707753 -0.026431533410420417 -0.02633454248354223 -0.02624621563138063
96 -0.02631468884486044 -0.02651273796522113 -0.02633359671804859 -0.026008995022158057
97 -0.02619863969548053 -0.02647645863219544 -0.02634590961148746 -0.02588740692884898
98 -0.026213978536285612 -0.02649199610622195 -0.026348391453471127 -0.025817648848582977
99 -0.0263052725351782 -0.026538160966767567 -0.02632395406414017 -0.02575266535078935
100 -0.026231196616535703 -0.026502188537056545 -0.026357805480326083 -0.025714656356022048
101 -0.02631427333731097 -0.026447890315713176 -0.026301645229053133 -0.02561357774677543
102 -0.02636406555524336 -0.026514240589644723 -0.02638644847967356 -0.025686870830268577
103 -0.026263804026992726 -0.02651999637883208 -0.026297684379117017 -0.025669107666395866
104 -0.0262945576823219 -0.026532688259377903 -0.026267737608614613 -0.025743206670402165
105 -0.026336699650334607 -0.026536253356363722 -0.026354682857496887 -0.02576336195606152
106 -0.0263531355820583 -0.026523127762481336 -0.026251292820377786 -0.025769148570519897
107 -0.02633705050994157 -0.026502494327603533 -0.026398367120354167 -0.02578652747609991
108 -0.02625367561474619 -0.026517390248310957 -0.026343274314779674 -0.0258764356544786
109 -0.026390733487229433 -0.026552206648381704 -0.026348458984500486 -0.02583731841551051
110 -0.026363142379952163 -0.026506938293280293 -0.026358668479057476 -0.025843192990905418
111 -0.026311091177963677 -0.026480068434949423 -0.026365012597947154 -0.026073484114835423
112 -0.026397620453161432 -0.026523660034655602 -0.02634449221353534 -0.02628163102527338
113 -0.026375299960226518 -0.02654995113369753 -0.026400897614661026 -0.026345592585284728
114 -0.02630954919394802 -0.026537693453081948 -0.026430901982515537 -0.026250530862089762
115 -0.026364740970331358 -0.026543713885356746 -0.026443872214944805 -0.0260336808621242
116 -0.026363601661300265 -0.02652104764956492 -0.026451828121175597 -0.02601519800083604
117 -0.026470042909302226 -0.026512026215526643 -0.026345581916506773 -0.025956372249927192
118 -0.02636997726347455 -0.026491559414517127 -0.026354439847693957 -0.02592552538351821
119 -0.026437230937138165 -0.02654100263800864 -0.026381496207458884 -0.02598830299014699
120 -0.026417056043306908 -0.026583722876715267 -0.026427142960583662 -0.025967749703798223
121 -0.026380569749630826 -0.02656048279241513 -0.026419220289664598 -0.02602542145752719
122 -0.026402748749520304 -0.026528612470247098 -0.026399762992832074 -0.025979059915975967
123 -0.026357006111778977 -0.0265298606663981 -0.02639073146005956 -0.026006227555946206
124 -0.02637115486836148 -0.026487982473357687 -0.02644217213646071 -0.026061683856458035
125 -0.026459229800183753 -0.02654067743281904 -0.026385121977019903 -0.026040318322643752
126 -0.026454738500592736 -0.0265284816099847 -0.026438807637986863 -0.026132664373081482
127 -0.026497670799931657 -0.02649071538573893 -0.026408658794159743 -0.026162061456384757
128 -0.026398233562154202 -0.026490541391415046 -0.026361318993654004 -0.026074524394510273
129 -0.026386093673380007 -0.026543111357055907 -0.026445829090437318 -0.02609733987951366
130 -0.026527331135718365 -0.02652779215454157 -0.02648180278047028 -0.026149075226666454
131 -0.026437722082721667 -0.02653776671227065 -0.02643527677116326 -0.02609060430236747
132 -0.02650618397286544 -0.026561758543988036 -0.026400789659635524 -0.026091908176214287
133 -0.026473564565790024 -0.026538193966525216 -0.02639313315492558 -0.02610214630806757
134 -0.026430635366306316 -0.02653538139019356 -0.026479576390346617 -0.026117868578491563
135 -0.026403123311030483 -0.026504437913433668 -0.02645680345054481 -0.026119923106232
136 -0.02647720041816469 -0.026532879903774564 -0.026408502124339886 -0.026156754623497227
137 -0.02642674450941766 -0.026537102289713545 -0.026464428009941223 -0.02615548049566471
138 -0.026496954190067493 -0.02656180528293263 -0.026435456006656675 -0.02619094649630406
139 -0.026415805255072516 -0.026517218421542893 -0.026385083819823504 -0.026196528964963713
140 -0.02648873531133529 -0.02653936152591444 -0.026434433442320077 -0.026195803604148173
141 -0.026471500878344364 -0.026571680782185948 -0.02646792140200327 -0.026201269978313582
142 -0.026429309441916658 -0.02650321442382858 -0.026497657123572667 -0.026179780747051525
143 -0.026451116548905005 -0.026498564478056704 -0.026441145694252544 -0.02620163933760469
144 -0.026484751252093444 -0.02650094234707251 -0.026482810403917693 -0.026212924998528387
145 -0.02653778706401359 -0.026583515922890866 -0.02645446557233165 -0.026214828659552682
146 -0.026489505426920003 -0.02655115810903016 -0.02649556310265146 -0.026278080913569403
147 -0.026561898238649604 -0.02652547818404868 -0.02643939188306613 -0.026243889514675035
148 -0.026523753551901025 -0.02654307869025252 -0.02644779122579016 -0.026300457885673607
149 -0.026441563077333904 -0.026544420045608155 -0.026432612248107182 -0.026238486834842575
150 -0.026641420452869675 -0.026530437761994596 -0.026463606630276953 -0.02626497458161189
151 -0.026516800444242226 -0.026556201777587725 -0.0264805136349416 -0.02621207917472281
152 -0.026521311187779215 -0.026552451954813906 -0.02649590776434689 -0.026250150127418687
153 -0.02658433737754352 -0.026553416041270296 -0.026520744708088916 -0.026235368990269625
154 -0.026491963586732593 -0.026556648682521136 -0.026538731888749483 -0.026245221938401522
155 -0.026544351613303582 -0.0265187158034027 -0.026522688859559756 -0.02630695386457911
156 -0.02649206896303771 -0.026563424696323452 -0.026528031725337783 -0.02627314718834687
157 -0.026552155910379245 -0.026528987750970873 -0.026478087487732678 -0.02629514207698107
158 -0.026514213790356553 -0.026545210969467423 -0.0264767826986892 -0.02625057126294608
159 -0.026525989064143482 -0.026510531961919284 -0.026457431673124573 -0.0262400335007207
160 -0.02653360531749325 -0.026575637996050797 -0.02647852668894949 -0.026256313836959245
161 -0.026589971242724827 -0.02655403240726323 -0.026446705836286617 -0.02616260027160668
162 -0.02660911418014211 -0.026538547178596 -0.02648030838033477 -0.026457218330429907
163 -0.026595767220014825 -0.026580252763141788 -0.026462439741355124 -0.026456658208186514
164 -0.026537089396268688 -0.026517749430772036 -0.026411781721491 -0.02634567202766541
165 -0.026554938864373445 -0.026559632857605098 -0.02644463759170046 -0.026315105269654505
166 -0.026530974417160527 -0.026611651459510024 -0.026434232895932195 -0.02625012400190965
167 -0.026559758679121366 -0.026571080295805967 -0.026475448963020343 -0.02630456013297038
168 -0.0265807556264944 -0.026558207527451996 -0.026456142753819946 -0.026265273767343767
169 -0.02657219504785945 -0.02652846433859393 -0.026448728909472054 -0.02627004842491011
170 -0.026550008424728412 -0.026592645542226664 -0.026529465144663547 -0.02628067578697521
171 -0.02657162688413696 -0.0265839191227794 -0.02650921027561227 -0.026249641780455742
172 -0.0265837801902611 -0.026554646792487053 -0.026531051333964006 -0.02631431006749262
173 -0.02657576389052128 -0.02657750503294398 -0.02648900741871426 -0.026313564310801608
174 -0.02649222912945905 -0.026623454759323248 -0.026555986448947626 -0.026343467961386615
175 -0.026567988557000086 -0.0266299257864705 -0.02645843035192885 -0.026326725378699817
176 -0.026639017250239535 -0.026599984658125755 -0.026507404031115383 -0.02627194271977142
177 -0.026520726462116805 -0.026503999838095673 -0.026528101124330142 -0.02624048573212423
178 -0.026525742934901245 -0.026551134670478406 -0.026555487435861322 -0.026291765820223696
179 -0.026632219090815406 -0.026549815535132006 -0.026508193686666962 -0.026341111051030697
180 -0.026591841023946596 -0.026518967005146016 -0.026508367901907703 -0.02627080625034375
181 -0.02658266386476588 -0.02658397764783419 -0.026532055832089618 -0.026298573025369355
182 -0.026588891899900113 -0.026564797926869832 -0.02649803477841449 -0.02634662313878838
183 -0.02665247376790451 -0.026594432644296673 -0.026526287823931596 -0.02635686656538011
184 -0.02657252154505152 -0.02655965546694218 -0.02649599341721197 -0.02628063090626583
185 -0.026631912443824 -0.026559555364401157 -0.02650870331683391 -0.026336911797426105
186 -0.02651630527956446 -0.026558209192954388 -0.02650613489480658 -0.026322500058680975
187 -0.026579407396575615 -0.026585391148246176 -0.026486162265271968 -0.026363357980447935
188 -0.026526729507377392 -0.026573135730534103 -0.026511477205486213 -0.026380917473884664
189 -0.026556832903578506 -0.026548879178174778 -0.026473850268560792 -0.026357156701288673
190 -0.026545572934135335 -0.026592466864564852 -0.02653596724370663 -0.026354227336930627
191 -0.026602567697545966 -0.026612566606678087 -0.02651075282583247 -0.02636429857442446
192 -0.026550369035970585 -0.026572413317036237 -0.02654366845177663 -0.02633900196479786
193 -0.026572034943925262 -0.02657270588889187 -0.02649351817148366 -0.026374505851735053
194 -0.026591416280641742 -0.026550684030225688 -0.02653819618462724 -0.02634066619273753
195 -0.026558442881056164 -0.026565473327091218 -0.026533189663183535 -0.026405613604531305
196 -0.026624392468607427 -0.026609416469233767 -0.026472773501870425 -0.02637567258202765
197 -0.026638379078684576 -0.026574766274843387 -0.02649452462466818 -0.0263684130375893
198 -0.026565059812021244 -0.02662641937414112 -0.026514075485433636 -0.026350112559318264
199 -0.026606878843012615 -0.026580955299487976 -0.026495064469145506 -0.026421686846003392
200 -0.026649603793279342 -0.02658374867263524 -0.02651358591630176 -0.026366876812038753
201 -0.026604458312797806 -0.026558055750830752 -0.026541201200310758 -0.02633666262677209
202 -0.026510067976351033 -0.026574396978292187 -0.026521397512510328 -0.026369490023133796
203 -0.026613183796600787 -0.026593930029307645 -0.026508684531017138 -0.026399891042546104
204 -0.026622080122596398 -0.026556187015045602 -0.026503080572538782 -0.026373327035218865
205 -0.026608441115322266 -0.026598243779427135 -0.026554903481652438 -0.0263923583577529
206 -0.02657440788410194 -0.02660513918589823 -0.02655067451494028 -0.026379912604412328
207 -0.026655830868596988 -0.026624283260455118 -0.026566160556269702 -0.026367874523032478
208 -0.026612903535283627 -0.026578192926280733 -0.026549641872411083 -0.02637100693104585
209 -0.02662683973717144 -0.02659910947393609 -0.026495234289150807 -0.026359801110624376
210 -0.026584371261751685 -0.02659707788946889 -0.026542223536404404 -0.026460061361478326
211 -0.026601135368749126 -0.02658529616961036 -0.02652735148748707 -0.026538302132271277
212 -0.0266426972185376 -0.02657635196948226 -0.0265644724263103 -0.026486604166640837
213 -0.026625326282167298 -0.026552112391884937 -0.026564497725625805 -0.02646440255581254
214 -0.026716542819119275 -0.02659076852376195 -0.026602180645028173 -0.02641987735037429
215 -0.02664261231158306 -0.026580046618929 -0.026542996613221174 -0.026456566635529446
216 -0.026641746223002374 -0.0266244941138747 -0.026502959976119008 -0.026414844895814138
217 -0.02662602570095722 -0.026592055477466237 -0.02646944678294662 -0.026370558925597906
218 -0.026587481534700856 -0.02661851476038994 -0.02651558850412639 -0.02638968616284807
219 -0.026634598064772103 -0.02658453410740192 -0.026527988498829418 -0.02642453545874683
220 -0.026604178205252862 -0.026555618804716366 -0.026540604874143208 -0.026381647391000202
221 -0.026601162524921458 -0.026618161335966617 -0.02650532880807955 -0.026376200049540652
222 -0.026585247764996624 -0.026595211513542962 -0.026546375146580856 -0.02635671270241234
223 -0.026650532389091947 -0.026615500693961947 -0.02653405373808025 -0.026439556483361007
224 -0.026593967356894524 -0.026542269091102938 -0.0265199012689048 -0.026398779586919364
225 -0.02662143307010413 -0.026605770214546517 -0.026512519331150692 -0.026452597076796827
226 -0.026624486859247985 -0.02660193812357872 -0.026512895450718436 -0.026385744142328322
227 -0.02665026648055222 -0.02656309117010258 -0.026518462133970952 -0.02644510324017593
228 -0.026625275995143256 -0.026579829916347122 -0.026518694326249884 -0.026421872784131918
229 -0.026645723392418823 -0.026602337896128682 -0.026558645238891086 -0.026344434960159015
230 -0.026627158407901617 -0.026600304263844323 -0.026533652203535135 -0.026452803494354818
231 -0.026628190192920464 -0.026608566798615875 -0.026500426418008222 -0.026414254159412315
232 -0.02657244110564961 -0.026667675095157252 -0.026534728295759327 -0.026446258261867313
233 -0.026609664896116086 -0.02661402343536763 -0.0265487271155623 -0.026395108933330344
234 -0.0266414041609204 -0.026556149050132396 -0.026551994107618455 -0.026371992705781402
235 -0.026653280444778733 -0.026574948707466406 -0.026566642674448485 -0.026411576430603014
236 -0.026584571745894427 -0.026567674007295733 -0.02654284846499486 -0.026433646091272814
237 -0.026645610335898073 -0.026627769298474213 -0.026538964325090224 -0.026446039676483235
238 -0.02668205169877353 -0.0266292448126653 -0.026531537047651595 -0.0264555201494491
239 -0.026613616684359416 -0.026560600639222155 -0.0265689821009704 -0.02642249531342407
240 -0.026678436425609135 -0.026579497461393226 -0.02656033654262173 -0.02641143068485441
241 -0.026660406870132294 -0.026627375411277215 -0.026566683028473176 -0.026425304943328898
242 -0.026640518159704238 -0.026554237510507474 -0.02655783040960019 -0.026423073140694305
243 -0.02666569451685595 -0.026567615287954933 -0.02658666614859001 -0.026379537035005868
244 -0.02663849136005715 -0.026557306296803085 -0.02657952203492615 -0.02635554559750023
245 -0.026598271125612277 -0.0265741508325779 -0.02652333588105337 -0.026461055598975682
246 -0.026633400620783676 -0.02661125800128457 -0.02654325886571432 -0.02642110921960622
247 -0.02660149929826902 -0.026631432777422172 -0.02654329505673671 -0.026376570634471304
248 -0.0266365641971224 -0.02660126221741729 -0.02656888390497208 -0.026218568084530075
249 -0.026684776865186843 -0.026560862183661185 -0.02651597035628596 -0.026467024068073847
250 -0.02668719455598117 -0.026576684628245802 -0.02657600232359033 -0.026536209166345016
251 -0.0266620032127496 -0.026636116012254962 -0.02651821799543611 -0.02643052717857987
252 -0.026630984687790987 -0.026591450429893096 -0.02657052852004041 -0.02643343313688893
253 -0.026641539321011622 -0.026576733547047815 -0.02656434836349593 -0.026406836513077445
254 -0.026694040574075387 -0.02656563039579504 -0.026570610040469466 -0.026472946633645314
255 -0.02662762722665832 -0.026631620767331245 -0.026569575755981154 -0.02639852149072526
256 -0.026660956057449517 -0.026644062676090742 -0.026499220597455037 -0.026468295425362144
257 -0.026573366389461648 -0.02662804642758812 -0.02658744991458677 -0.026389399800938337
258 -0.026633850539357164 -0.026557240114996383 -0.026554497380019425 -0.02639351724877896
259 -0.02665544422920725 -0.02661800595084668 -0.026566380571640222 -0.02640142536632726
260 -0.0266956595001782 -0.026632161427642638 -0.026536710350381094 -0.026387970492004566
261 -0.026672351041447346 -0.026583706472162877 -0.026564517850998455 -0.026436836538606148
262 -0.026664070992805308 -0.026601318918367003 -0.02656199673219939 -0.026414867731954797
263 -0.02663042653212939 -0.026631845176304347 -0.02659273268682144 -0.026434414515607893
264 -0.026627366712298175 -0.026616470389175324 -0.026603848299268647 -0.02641030076472585
265 -0.026591986922026935 -0.026635464035328817 -0.026623810290202356 -0.026416570891903635
266 -0.026626132622691877 -0.026585882528706518 -0.026604488347428148 -0.02644016282823465
267 -0.026620431490271122 -0.02661286798064981 -0.026545083429095714 -0.02647276911140567
268 -0.026665863356350634 -0.026590797384740794 -0.026520205955122635 -0.026423238946991574
269 -0.026738485797957526 -0.02659057262481695 -0.026571655669354887 -0.026388237289317024
270 -0.026625514972191303 -0.026605320482049655 -0.026545414307679843 -0.026400828463898008
271 -0.026618341248044495 -0.026590068543349606 -0.026539223594302108 -0.026401008783266268
272 -0.02659210125770535 -0.026570023658905036 -0.026577100855531718 -0.026417717534553343
273 -0.02667621540423715 -0.026573656409788406 -0.026519121922464636 -0.02643747225251161
274 -0.026633261202271857 -0.02656545339289164 -0.02655347272845524 -0.026401436667905728
275 -0.02661757881868311 -0.02661249821525177 -0.026578225987030985 -0.02635850435899887
276 -0.02666108005759025 -0.02661865509294145 -0.026578190530194654 -0.026445330578284344
277 -0.026691227047809633 -0.026604828632630452 -0.026535652237848158 -0.02630734747447108
278 -0.02663135759376443 -0.02658829147682125 -0.02657420265589913 -0.026496303178223043
279 -0.026668790704637124 -0.026613533865551788 -0.02654544921356054 -0.026517940666340552
280 -0.02664637873263028 -0.026587394615365113 -0.026558216561447367 -0.026489517311164237
281 -0.026641566195433983 -0.026587882181667438 -0.026574180060727585 -0.02646020441885402
282 -0.0266663011622247 -0.026584684549550076 -0.026552702941795334 -0.026501739329774145
283 -0.026655652681292382 -0.026603518099166692 -0.026553879329774377 -0.02643341767562886
284 -0.026684649292540306 -0.026581448955968263 -0.02656503075719337 -0.026536548358774725
285 -0.026657114326880435 -0.026583486430041853 -0.02654338085252825 -0.026500948777799727
286 -0.026664460915004344 -0.026607537631484768 -0.026575972313998615 -0.026396580303572448
287 -0.02667440207446186 -0.026632715603291626 -0.026566753101758347 -0.026418571609907595
288 -0.02666203530605084 -0.026641964272597303 -0.026562052770623203 -0.02640636181645092
289 -0.02673136424041174 -0.026573093840983587 -0.02653372868356245 -0.02639247910791799
290 -0.02666989336279903 -0.0266034518969009 -0.026514920561546456 -0.026440157066009513
291 -0.026654173731116344 -0.02662310345302543 -0.02655202062358016 -0.026440471550164726
292 -0.026680069547441083 -0.02661295611854955 -0.026573520342550457 -0.026509755288844063
293 -0.02666543501485207 -0.026591069128969608 -0.026593809754556948 -0.026403324950776394
294 -0.026688689254305578 -0.026597364390888906 -0.026543121180811403 -0.026453677988369475
295 -0.026690045414564944 -0.02657502944489229 -0.026579769859719802 -0.026439335181800652
296 -0.02662067246523049 -0.026559487008566786 -0.026554597199802486 -0.026473953168132027
297 -0.026654958787605477 -0.026599890683814343 -0.0265650124862787 -0.02642635027741071
298 -0.026677267311020512 -0.026616263843327312 -0.02652846638572276 -0.026459620566395944
299 -0.026658497053608364 -0.026608316945720363 -0.0265552320529726 -0.02645926154596224
300 -0.026687848466659378 -0.026607386292122594 -0.02654788479200121 -0.026485513738673416
301 -0.026709927769981316 -0.026600095746134946 -0.026595230443075362 -0.026442286953768303
302 -0.02665615251558863 -0.02659348983555575 -0.026565091534486773 -0.02647127379193828
303 -0.026676157277483223 -0.0266262425601734 -0.02654316935619299 -0.026391721425296333
304 -0.02667964587836238 -0.026597363637901973 -0.02659047181483136 -0.02643651414740208
305 -0.026693888942663425 -0.02654559608045622 -0.026537210013987938 -0.026494771155334686
306 -0.0266621779652325 -0.02656386090298798 -0.02659315058209987 -0.02644084927188676
307 -0.026617717313225233 -0.02659388890977953 -0.02658554045895715 -0.026468131872983514
308 -0.02665698752756564 -0.02663248165491639 -0.026592516911603824 -0.026504864291103682
309 -0.02670213187911271 -0.026561682323970673 -0.026553110701117346 -0.026450203722055306
310 -0.026640042002524775 -0.02660236922919349 -0.026539981548174947 -0.026404178100669924
311 -0.026649361590120525 -0.026588039435109345 -0.02658132915974318 -0.026437837905577844
312 -0.026669392555346446 -0.02661091950933794 -0.026542102942049117 -0.026443624985953842
313 -0.026674988547790088 -0.02660029710271017 -0.026599718263130148 -0.026508653996688072
314 -0.02664121366877693 -0.02659012275027649 -0.026572011100580266 -0.026413859228226273
315 -0.026649687005590204 -0.026595897772941725 -0.026577381651777122 -0.026536707528641835
316 -0.026648997080920254 -0.026626541705521513 -0.02656986955515976 -0.026537078753288125
317 -0.02663184087396857 -0.026572851235371033 -0.026561583210641355 -0.026483646071360473
318 -0.0266055876455191 -0.02663885113594566 -0.026554430074363835 -0.026494178506371424
319 -0.02668060227564564 -0.02658726597786905 -0.026584564850982775 -0.026502497075845968
320 -0.026695249666849726 -0.02661244013318559 -0.02657352600349899 -0.02646572006141451
321 -0.026628211013645608 -0.026596286694525007 -0.026594511365985913 -0.02645881152185139
322 -0.026629328778145608 -0.026594216407243562 -0.026587555369573215 -0.026448517347398365
323 -0.026701931179886864 -0.026626902946355363 -0.02659348209360389 -0.026479091585561332
324 -0.02667180822800684 -0.026624057681636806 -0.02657864749260794 -0.026473357165362855
325 -0.026632951502520878 -0.026647295718583132 -0.026549797478196153 -0.02643599692013783
326 -0.026696481840444385 -0.02660426069824552 -0.02655500927650241 -0.026503895313542126
327 -0.026644983960025254 -0.026625297044173393 -0.026573689190402167 -0.026488193839240833
328 -0.026709242762126984 -0.026570091767449962 -0.02656252566496181 -0.02647919405150816
329 -0.02669302938985266 -0.026603014997951147 -0.026584920787000095 -0.026463969602915922
330 -0.026695484318895752 -0.026578992984508887 -0.026572083370744008 -0.026561661430969292
331 -0.026633162902805232 -0.026612688039828816 -0.026551106770743613 -0.026457786335621417
332 -0.02670097186584825 -0.026588770751926335 -0.026578462473421872 -0.026416957776249406
333 -0.026671401980033222 -0.026566880647074284 -0.026579315064610268 -0.026462052557391882
334 -0.026644058823139704 -0.026635496020728518 -0.026546151737461037 -0.02648447935038132
335 -0.026690096044086033 -0.026610964404888394 -0.026547566694078123 -0.02637664396381244
336 -0.026664074501796576 -0.02659149776098261 -0.02657430253025131 -0.02644448822815894
337 -0.02671730486461278 -0.026583611975640038 -0.026548881654949223 -0.02650979066680121
338 -0.02670537905109069 -0.026618882170762217 -0.026558922878243907 -0.026432791440322012
339 -0.026685861697025248 -0.026631216497486038 -0.026547925124504712 -0.02651436123460504
340 -0.02668707180670219 -0.02661834221053877 -0.0265485682261669 -0.02648023851223983
341 -0.02669510720561121 -0.026621149320003756 -0.02655898103419987 -0.02647881209043016
342 -0.026660692306617426 -0.02663654348725518 -0.02659513861299305 -0.026456020866904267
343 -0.026697338411817248 -0.02657121506075041 -0.02655123576693845 -0.02646070795314255
344 -0.02669305709414702 -0.026625829579016637 -0.026559407004772235 -0.026466462104130523
345 -0.02668980795419435 -0.02661311656220244 -0.02657943169222837 -0.026447823206956485
346 -0.026683041044853775 -0.026589267739179464 -0.026592293391636893 -0.026477184427841135
347 -0.026719817261753914 -0.026541956631071752 -0.02655273305311823 -0.02642182462292665
348 -0.026718185318107757 -0.026602234086700496 -0.026568769690912385 -0.026498477441476643
349 -0.02671429772951022 -0.026613508735920183 -0.026591799946434215 -0.02650545328952263
350 -0.02666265062387967 -0.02663921453732018 -0.026584915911343016 -0.026455476787850176
351 -0.02670094617628145 -0.02656953882378807 -0.026575997513189644 -0.0265114643142644
352 -0.02669074115822327 -0.026569413668967076 -0.026581069013072587 -0.026486409889767006
353 -0.026671750902978686 -0.026635303582750725 -0.026548446604413176 -0.026487907513446346
354 -0.026653990125038923 -0.02658480021114762 -0.026527466013049908 -0.026464153589316267
355 -0.026644049582473555 -0.026621500208777484 -0.026565251638130845 -0.026510780366706378
356 -0.026643655157158563 -0.026578551226434294 -0.026616255275455178 -0.02648923345761438
357 -0.026658517187562424 -0.026609803598381346 -0.02656317162657841 -0.02650064631761241
358 -0.026652654668262162 -0.026619898778960507 -0.02659294525362865 -0.026430842067138284
359 -0.026709746956637886 -0.026624359435367385 -0.02661022553421258 -0.026429917491611457
360 -0.026637185047231417 -0.02665806596214736 -0.026586326667028495 -0.026479371778595384
361 -0.02666073428784505 -0.026603382012173705 -0.026568200866116144 -0.02643718210760875
362 -0.026668590647753582 -0.026598308128181515 -0.026599256277644652 -0.02639034156438687
363 -0.026683440282025597 -0.026617090809863415 -0.026552430067885286 -0.02639330021670172
364 -0.026713688770771085 -0.026636033324237585 -0.026559251619089626 -0.026429384221780917
365 -0.026723441665141956 -0.026608902448374334 -0.02654666655394114 -0.026402588985399236
366 -0.02669084272513066 -0.02658630342801226 -0.02655520006317044 -0.026433259287699774
367 -0.026699509638649074 -0.026618446110361283 -0.026556183783081312 -0.026490018806680088
368 -0.026645228134270577 -0.026627624864680746 -0.02656180778382825 -0.026465179610724317
369 -0.02665130313166128 -0.026604356059179615 -0.026575557400836492 -0.026417098964997023
370 -0.02670551591885202 -0.026593245224366402 -0.02659003217335008 -0.026482171394183296
371 -0.02673042511010071 -0.026577434652226107 -0.026566844173193063 -0.02643827167089595
372 -0.026694070298196666 -0.026627982681518836 -0.026543736884834072 -0.026457160550361458
373 -0.026658129061977617 -0.02662918787451766 -0.026584805767002857 -0.026476450913430167
374 -0.026659236643759077 -0.026619325052258194 -0.026555261522403773 -0.026472934978992314
375 -0.02670687740548236 -0.026562097672346636 -0.026564753194249596 -0.026452359552418966
376 -0.02666053590509099 -0.026564141007681664 -0.02658955240406808 -0.026508611360025337
377 -0.026704441709241702 -0.026577969241042165 -0.02655370374627884 -0.02643355111547262
378 -0.026723093865759624 -0.026580257706117907 -0.026569691183620535 -0.026454761174568887
379 -0.02668480855789748 -0.02660983842700374 -0.026606384304433194 -0.0264649550304524
380 -0.026707149357319434 -0.026621748705314176 -0.02657688969847753 -0.02643186856629708
381 -0.026689763521518927 -0.026644821867859395 -0.02656598135670915 -0.026470006323672773
382 -0.02672012550856392 -0.026578359097129967 -0.02658648799679447 -0.026431595608184002
383 -0.026687982095278083 -0.026595114226879837 -0.02656177673018158 -0.026434082812722377
384 -0.02672177133656127 -0.026593939533900098 -0.026575859857315583 -0.026416071401094716
385 -0.026706450858546553 -0.026617441739432302 -0.026594589048532593 -0.026433793074662988
386 -0.02663947977996489 -0.026606072713710845 -0.026577249030009457 -0.026463931473114124
387 -0.026688485947139757 -0.026599873160505796 -0.026583408774422217 -0.026432235088888402
388 -0.026708245365576696 -0.02658890584343836 -0.026570100059686446 -0.026502338160772056
389 -0.026662950741718032 -0.026588395487943922 -0.026576621402528852 -0.026465402290149476
390 -0.026718805801798286 -0.026611451468049996 -0.026596079778176556 -0.026454617023013535
391 -0.026696118448054175 -0.026601302781932956 -0.0265624595757461 -0.02644057535278444
392 -0.026703671347257284 -0.02662072215442839 -0.026600306026165556 -0.026493857750638297
393 -0.026733830373618813 -0.02660153263524453 -0.026582808400934386 -0.02650325644673776
394 -0.02668777187628098 -0.026615572607172268 -0.026581156528133625 -0.026501806397983114
395 -0.026659009838355056 -0.02662980677184429 -0.02660815369737684 -0.026476425069477644
396 -0.02666580383602599 -0.026620059076080362 -0.026547030654535047 -0.02644825617364123
397 -0.026688189968793127 -0.026600862238607206 -0.026596262584570193 -0.026527568078260122
398 -0.026666733930862926 -0.026609128255978443 -0.026539000796573634 -0.026545968998226994
399 -0.026669468375355967 -0.02659193584792943 -0.026528124874713614 -0.026458524522204648
400 -0.026699631281596137 -0.02661624259966402 -0.02657736242071312 -0.0264518205299648
401 -0.026702915032493932 -0.026629238331859473 -0.026576441526633007 -0.026384971122340374
402 -0.026688682853187415 -0.026580847242707373 -0.026532770506682204 -0.026441862426667642
403 -0.02668873571815616 -0.026612233115751772 -0.02657617582801131 -0.02651383509504135
404 -0.0266911903812854 -0.026631747249806027 -0.026573745299716386 -0.026526369243541695
405 -0.026738919546808227 -0.026588372723675327 -0.026588628171624575 -0.026456171633843346
406 -0.02667356877388452 -0.02660238753638047 -0.026597407886086794 -0.026418056389568057
407 -0.026666520046476155 -0.026605499047684153 -0.02657006538546829 -0.026471364688059353
408 -0.02669737606338389 -0.026631537460961304 -0.02652593924334941 -0.026459453089927344
409 -0.026695510707927868 -0.02657654971744139 -0.02656340441583124 -0.026458705745782046
410 -0.02671263850796834 -0.026617837329259278 -0.026551917845115663 -0.026468487708065914
411 -0.026708214562995766 -0.02660793880746444 -0.026581759016319498 -0.026445540064351687
412 -0.026629002031673635 -0.02660027956093876 -0.026588784888999295 -0.02644248305868866
413 -0.026688112150906187 -0.026634016057160145 -0.02659933656976569 -0.02647372311790443
414 -0.026694414738270205 -0.02657395312913194 -0.026587991401926428 -0.02644961374082379
415 -0.026734195074040578 -0.02664301175931401 -0.02654957920961235 -0.026449626309678693
416 -0.0266587770150312 -0.02660126628066255 -0.026571446330459634 -0.026509859259756605
417 -0.026714920850625965 -0.026617814185865996 -0.026581419682474346 -0.026498262349298203
418 -0.026709004882628517 -0.026608049012385605 -0.026574038528013308 -0.0265041017278723
419 -0.02665742047084913 -0.026627442943554475 -0.026584467604385858 -0.026457538608499868
420 -0.02670906515548823 -0.02662968450264222 -0.026590934225848777 -0.02638609248420063
421 -0.026708655138873924 -0.02659531562997565 -0.026587220112951507 -0.02651031145756899
422 -0.026687963397898595 -0.026584418054457618 -0.026571975742516088 -0.026472639803005245
423 -0.026649987678968423 -0.026614858277902154 -0.026559548523161187 -0.026439665920486084
424 -0.02665084052035813 -0.026607784589336537 -0.026564155563407646 -0.026489113596466635
425 -0.02668017153901027 -0.026621925184627804 -0.0265550525544137 -0.026494861503506682
426 -0.0266664998164512 -0.026630416075341667 -0.026565175158639362 -0.026437747492093815
427 -0.026696122335531057 -0.026655230631035115 -0.026580986290781188 -0.026411064540338175
428 -0.026694086369339107 -0.026645576732319154 -0.02658080882006926 -0.02642179938603595
429 -0.026670762168946913 -0.02662351238035178 -0.026596111523303986 -0.026480274808466504
430 -0.026707977236440496 -0.026620510988346797 -0.02657657612274363 -0.02647058761464254
431 -0.026677979784276683 -0.026542436194708637 -0.026608720305348364 -0.026431363989342017
432 -0.026687713811748476 -0.02660140469083291 -0.026601550556155616 -0.026453437404790576
433 -0.02668508939493677 -0.026580642803495858 -0.026556703327685765 -0.02642543688198424
434 -0.026621248389201064 -0.026601707246667352 -0.0265649632246125 -0.026484068722549922
435 -0.026663925447074507 -0.026649075156936205 -0.026593690456050995 -0.02634805462964603
436 -0.026667317108300517 -0.026610704857435708 -0.02659711068609574 -0.02644690845888313
437 -0.026668883475005963 -0.026659069278508297 -0.02657777901518329 -0.026498295386747157
438 -0.02668578440131935 -0.02664784235107844 -0.026607076785829367 -0.026452330022012645
439 -0.026633005398552154 -0.02662042313659653 -0.026561839394035454 -0.026421298493193746
440 -0.026715268021449242 -0.02662481713873671 -0.026604532654291812 -0.02646040533017377
441 -0.026686308777052317 -0.02659816084124469 -0.026580897551431167 -0.02648883071183939
442 -0.0266670930389951 -0.026634423274633834 -0.026586462430058147 -0.02648154656133437
443 -0.02668929098456517 -0.02663617224631919 -0.026590508383163673 -0.026437472242974023
444 -0.02667156340099725 -0.02660845691006975 -0.02659896754718997 -0.026409460546867297
445 -0.02666386858181658 -0.026588192093774235 -0.026563406512468232 -0.026423989438135054
446 -0.026654740341484583 -0.026568388109615978 -0.026581212820190936 -0.02649059027659509
447 -0.02668896634253648 -0.026599726885855646 -0.026557403734091115 -0.026518960499869352
448 -0.026694495013995494 -0.026601616484121335 -0.026599650102986247 -0.026475497463531554
449 -0.026638471463768645 -0.02659336442257426 -0.026537633067088773 -0.02649124762071316
450 -0.026676766790262818 -0.026609011007774006 -0.0265682345016897 -0.026398310407322302
451 -0.026651522499434428 -0.026610579208003866 -0.026518935049287283 -0.02645985552123789
452 -0.026689792188605163 -0.026590274627214583 -0.026573348705984053 -0.02644356826575545
453 -0.02671710237202872 -0.026593091175676344 -0.02652470051417278 -0.026425249140565377
454 -0.026710969995485005 -0.026620083554376985 -0.02657676798478536 -0.026515139285381267
455 -0.026694947624895906 -0.02659742257440331 -0.026589890467151128 -0.02642598644779908
456 -0.02667274548266505 -0.02660303922380989 -0.026598204891324258 -0.026440445715673142
457 -0.026670357733196495 -0.026623309345510777 -0.026582958703147804 -0.02644219568069355
458 -0.0266770047626923 -0.02663728127113582 -0.02657127786764811 -0.026450971839719062
459 -0.02668374449510887 -0.026642022249145605 -0.026572507818171085 -0.02640804292195107
460 -0.02666826262992001 -0.02658014171675027 -0.026581368118146327 -0.026529788148322138
461 -0.026685699499119527 -0.026559059828026158 -0.026585537359546108 -0.02651630860250022
462 -0.026673826703315237 -0.026612806429475618 -0.02654763722351018 -0.026501427288780247
463 -0.026698257048241223 -0.026614268656068998 -0.026564991907664412 -0.026501900064581543
464 -0.026679571228707656 -0.026591901336857016 -0.026596565278590355 -0.026472562334460468
465 -0.02671941914194538 -0.026602043311543946 -0.026615434627013608 -0.026502940201928858
466 -0.026687520649857424 -0.026605860380023272 -0.02658141609973921 -0.026493861255469604
467 -0.026731070764781508 -0.026622025521388173 -0.026572993718896577 -0.026450572732802782
468 -0.026688159964145017 -0.026587835910670855 -0.026569350993270274 -0.02649552785508253
469 -0.026696527807810348 -0.026611925864791587 -0.026602039047501563 -0.02648187632144349
470 -0.026669218254969304 -0.026630394497440014 -0.02660656047672255 -0.02648194370676983
471 -0.026652563948582595 -0.026590399575718106 -0.02657714786811654 -0.026439153734580712
472 -0.02672803870136163 -0.026614896564909524 -0.02654217606054206 -0.026515854341975606
473 -0.026656286331627706 -0.026620141724807617 -0.026574243835596586 -0.026500284364177527
474 -0.026677843174864005 -0.026680783264008467 -0.02657298642974786 -0.0264350080370609
475 -0.02665110409809493 -0.02658778657044422 -0.026576567619292654 -0.026546426572737845
476 -0.026703960784105682 -0.02665602188359897 -0.026579888419693335 -0.02654119447850971
477 -0.026724426929579295 -0.026622338817590963 -0.026582014417532333 -0.026469950171966468
478 -0.02668457532989325 -0.02662953422931391 -0.026544409531187797 -0.026421102778631942
479 -0.026712405816248393 -0.026613084167707052 -0.02657806278096564 -0.0264617550198456
480 -0.02669651441366407 -0.02657790601803256 -0.026598468540100145 -0.026470117956207795
481 -0.026660672531850466 -0.026606564295223713 -0.02658905307629646 -0.026521245561548962
482 -0.026688749317425577 -0.026641891353408626 -0.026596180285425455 -0.02646853316010029
483 -0.02672661935342367 -0.026576782719546777 -0.026558616248840185 -0.02651256241430338
484 -0.026682538952169876 -0.026611983120790095 -0.0265584818089718 -0.026515870026132086
485 -0.026670795873161762 -0.026620881892551226 -0.026618221687959027 -0.026579157697682217
486 -0.02671207645483224 -0.026589316612673764 -0.02657476992719078 -0.02649535189549868
487 -0.026676539652779517 -0.0265741940301613 -0.026571032594640068 -0.026521951306706724
488 -0.02670745183662557 -0.026638752269022337 -0.02660620974786965 -0.026427430456697765
489 -0.02669877186153141 -0.026634637646950277 -0.026564034568055353 -0.02649347732864238
490 -0.026696531987818763 -0.026590837603717627 -0.026579838077903692 -0.02648032254379868
491 -0.02669915484275337 -0.026566383570020502 -0.026551096894104013 -0.02641458537208921
492 -0.026681296647445646 -0.0266387675014396 -0.026593831926892752 -0.026518270847195675
493 -0.02668123878493604 -0.026633980510928648 -0.026604517239156338 -0.02647446953520884
494 -0.026693297007350937 -0.026618797418361373 -0.02656914683440592 -0.026459528478207334
495 -0.02670085951981156 -0.026642685260072144 -0.026561354244946427 -0.026470934482749217
496 -0.02670493440385834 -0.026593512809996906 -0.026571039796915948 -0.02648744079587984
497 -0.02669713637871944 -0.026601367655211018 -0.02659933589835132 -0.02647904453254648
498 -0.0266710707183718 -0.026627504070810545 -0.026539400527481702 -0.026512109990734833
499 -0.02665240250389112 -0.026563618209558083 -0.0265664896074576 -0.026476703063036365
500 -0.026732789236122892 -0.02661410353585475 -0.026558319360194378 -0.026510703496764924
501 -0.026662939633163813 -0.026636205450443613 -0.026589797710084812 -0.02646504356323912
502 -0.02665521135679215 -0.026624456877553937 -0.026582918408897607 -0.026486156905342593
503 -0.026630132093386695 -0.026648917040994577 -0.02654939738056047 -0.0264908877570971
504 -0.026723324150862295 -0.026620960966988932 -0.026555392534216266 -0.026501357452989385
505 -0.026701557844645993 -0.02656872838564557 -0.026605346323188214 -0.026441995212115647
506 -0.02670913364360699 -0.02656569092397576 -0.026590530511868424 -0.02652300890717556
507 -0.02671001096239773 -0.026591529985763446 -0.02657932322244241 -0.026512385628400376
508 -0.026707084231306466 -0.026633564815527644 -0.026555948768617475 -0.02649285949836274
509 -0.026647330348559557 -0.026601074298147582 -0.02657493435609675 -0.026575473783122687
510 -0.02671081059954357 -0.02662624300759119 -0.026564816842852106 -0.02653145687150656
511 -0.026726031417676304 -0.026632224821998996 -0.02660419676910671 -0.026501318964312078
512 -0.026716385122985922 -0.026617610168903946 -0.026563177979943526 -0.026464021155913453
513 -0.026683131020869794 -0.026635236335093522 -0.026559439471276078 -0.026529740727360366
514 -0.026667771100937772 -0.02660926741710533 -0.026562684388503795 -0.026501119272614143
515 -0.026661547009934814 -0.026622750950242816 -0.026572221545455747 -0.026521608524562427
516 -0.0267188248477777 -0.026557547843048604 -0.026571958187867326 -0.026535099601670893
517 -0.026674000067781797 -0.02662193791417794 -0.026613138169008944 -0.02653486648036655
518 -0.02666390060270067 -0.02660954572851944 -0.02660064789315285 -0.02653090858217952
519 -0.026706350075218776 -0.026591732378071466 -0.026594055925469977 -0.026451152822927593
520 -0.026684273249475265 -0.026631791150350106 -0.02656149681394783 -0.02648811983660932
521 -0.026695440045794248 -0.02665726721951661 -0.026587417051977372 -0.026428369914420574
522 -0.026683287790483307 -0.026590778015418426 -0.02653824001004466 -0.026494598379074558
523 -0.026666365314589116 -0.026601266945727 -0.026603943061437863 -0.026546565496244196
524 -0.026703861066049783 -0.02658263171985288 -0.02656951845509559 -0.02653072751928348
525 -0.026667337887343608 -0.026615453753609266 -0.02653217890596075 -0.026530971262203346
526 -0.026700441307509468 -0.02660537382509856 -0.026581885853998646 -0.026544118256548566
527 -0.026701460370219306 -0.02659411617930826 -0.026595320002231776 -0.026511216087700358
528 -0.026717284057491207 -0.02664001835045217 -0.026577252004731423 -0.026489414641696553
529 -0.02671572616042069 -0.02660355321767684 -0.026589333017133857 -0.026544634642747145
530 -0.026689781200735348 -0.026591172534280217 -0.026582959093691405 -0.026490918129456288
531 -0.026686092113573527 -0.026596680049711482 -0.026566459470126896 -0.026505353728669124
532 -0.026689191319175385 -0.02662299467174123 -0.026564224719298576 -0.026519257969183807
533 -0.026679157659167962 -0.02660300093286952 -0.02655716267319913 -0.026526276631945584
534 -0.02671290331132782 -0.026613051323636186 -0.02656610293359353 -0.02649375535151165
535 -0.026718719956708978 -0.026562796977130067 -0.026590037116526775 -0.02653332676296983
536 -0.026706177271828082 -0.02658059637411944 -0.02658891726417411 -0.02650761740464437
537 -0.02668874547188395 -0.026650055787745344 -0.026558812539865185 -0.026535806142024887
538 -0.02668787939497681 -0.026596862218909202 -0.02655525887952659 -0.026537006939580183
539 -0.026685978473601404 -0.026622099140960268 -0.026593579133027172 -0.026536131822993865
540 -0.026708808276323995 -0.026610604826925024 -0.026589456099958924 -0.026560731041872628
541 -0.026701789172719568 -0.026592489397120896 -0.026557753889776436 -0.026468480424812167
542 -0.026729802035504693 -0.02659657148199375 -0.026590281920264715 -0.026489068144634743
543 -0.026717184229322483 -0.02664418242016897 -0.026592285134498538 -0.026507091266317926
544 -0.02667057949465977 -0.026614696360728787 -0.026578122348148422 -0.02647930958223968
545 -0.02672469989388314 -0.026587164118965334 -0.026582161545473403 -0.026500170819914418
546 -0.026695684472211757 -0.026611750095893984 -0.026582492768968385 -0.026555284283108035
547 -0.026687405971835113 -0.02662691174820017 -0.026564757750744423 -0.026488227327524004
548 -0.026735493978538954 -0.02660144501077947 -0.026545058574769288 -0.02655166313405058
549 -0.026683528433851807 -0.026623353063293845 -0.026586277062520043 -0.0264718943083387
550 -0.026700030593503066 -0.026627791947614023 -0.02658685522937624 -0.026494281887201772
551 -0.02671189496243552 -0.02666313684438385 -0.026570038054836286 -0.026509769395179072
552 -0.026678692452237578 -0.026611142620342268 -0.026582755950699206 -0.026488279137793003
553 -0.026657258852623045 -0.026640445415746446 -0.02660420321172244 -0.02648200083654137
554 -0.026673222114125105 -0.026629066041175667 -0.0265659952735625 -0.026518653832742045
555 -0.026650675709628965 -0.0266359643248828 -0.026583176826378653 -0.02652626071736
556 -0.026719089106950197 -0.02663047477958801 -0.026597333285790867 -0.02653281334167536
557 -0.02671900132363466 -0.026636163500195126 -0.026596769913562506 -0.02652006635655098
558 -0.02670148913610119 -0.02663385013415864 -0.026584700487358764 -0.02650643377972118
559 -0.02669813010445026 -0.026616886203447376 -0.026591729261298783 -0.02650933982063198
560 -0.026725115520104783 -0.026611344024521283 -0.026580897893527813 -0.026526082401484824
561 -0.02668237625645643 -0.026628815589700167 -0.026569728032985344 -0.026579241067252152
562 -0.026719434717253934 -0.02659940320115869 -0.02660178319940683 -0.026504752099151225
563 -0.026674748911847183 -0.026620026484530046 -0.026565132097033223 -0.02653397295180288
564 -0.026750726674808878 -0.02663143468283683 -0.026583278573019536 -0.026535729034361844
565 -0.026692800514307693 -0.026598037693206483 -0.026587032331508973 -0.026549736081794898
566 -0.026716287526534738 -0.026648420713990473 -0.0265413107342541 -0.026446889407699698
567 -0.02670653270165017 -0.026598758729377517 -0.02657315773434004 -0.026537304927032494
568 -0.026718457151087373 -0.026602737664783473 -0.026602924061106134 -0.026537356648593434
569 -0.02672502937017705 -0.026640257377413414 -0.026567325728878474 -0.0265112368963462
570 -0.026697962131314392 -0.026609644086464896 -0.026587425372059662 -0.02649417940242206
571 -0.02670283258233625 -0.026652307633923344 -0.026577273643175588 -0.02650388419626091
572 -0.026702009535261455 -0.026619331876777393 -0.02657534996665361 -0.026477173256897836
573 -0.026702364553627858 -0.026652515830801915 -0.026542746902813566 -0.02653297284421239
574 -0.02667930567055697 -0.02663252121365145 -0.026562638469642012 -0.026526752885299005
575 -0.02670268854246871 -0.026622167976527934 -0.026536243165052677 -0.02651584252595319
576 -0.02668936531047759 -0.026617837947185776 -0.02659064195800364 -0.02653458732642868
577 -0.026727133385742827 -0.02655840991109646 -0.026599136295267677 -0.026510427099388213
578 -0.02669700723573847 -0.02655093984206739 -0.026579679068307598 -0.02652578653634584
579 -0.02669281226405033 -0.02663388185616036 -0.026591820062110656 -0.02646303369917623
580 -0.026695696685890936 -0.0266307005976762 -0.026613954977479582 -0.02657921918377624
581 -0.026675019414410205 -0.026564520754891435 -0.02659473897218551 -0.02651245433099263
582 -0.026676514517574957 -0.02661768871797089 -0.026594509432060893 -0.02652574144543789
583 -0.02672276360014941 -0.026636511927358043 -0.026595149081299178 -0.026507714456456558
584 -0.026688649481649326 -0.026567013385708688 -0.026543078255473373 -0.026546544715798193
585 -0.02671409448458171 -0.026627141371058063 -0.02656674236212859 -0.026493859229222236
586 -0.02671026540096357 -0.026627759766591604 -0.02661910017410786 -0.026497433904451646
587 -0.02669622314955811 -0.02660786780417045 -0.02660316697629209 -0.026544747678551073
588 -0.026641969358860696 -0.02660461771627394 -0.026579481407105636 -0.02652560588151614
589 -0.02670175925837241 -0.02661791570915848 -0.02659356276082269 -0.026518917272783535
590 -0.026646559388969513 -0.026607833407873045 -0.026587796039874736 -0.0265428003076145
591 -0.02667233286212759 -0.026598950461694682 -0.02656911752570272 -0.026562256496207224
592 -0.026722919413065403 -0.026611683599416992 -0.026576357018285594 -0.02650469072841186
593 -0.02666976704188737 -0.02661724549114579 -0.026594303183360646 -0.02649507080473382
594 -0.026705687231250278 -0.026628812729837886 -0.026543501801834565 -0.02656529892415249
595 -0.02670419555081948 -0.026618278594842462 -0.02658716792317056 -0.02649877781675707
596 -0.026742619034279214 -0.026600523263924414 -0.02656241738112071 -0.026548777724498436
597 -0.026722323981751346 -0.02656531165997217 -0.026595787066433996 -0.026514488750020375
598 -0.026686291154274726 -0.0266041520082448 -0.026573372144885643 -0.02650628398515456
599 -0.026709196112508028 -0.026627452974645274 -0.02659002009960093 -0.02646896265977114
600 -0.026685040874888242 -0.02661074559082667 -0.026589039194306253 -0.026524408720065347
601 -0.0266989025684048 -0.026574485891264127 -0.026558044121955955 -0.026577463196768458
602 -0.026719475529361426 -0.026587977358085588 -0.02657822324756514 -0.0265407570377384
603 -0.02668157353059366 -0.02658750596658307 -0.02654401209555135 -0.02652199278601148
604 -0.026681337869441407 -0.02665043637158959 -0.026578442469708894 -0.02656595161040473
605 -0.02670944703013635 -0.02660186292177157 -0.026585826388700343 -0.02653347573240238
606 -0.026673075532664983 -0.02664539513621931 -0.026587693794690767 -0.026569306943602905
607 -0.0267069082867898 -0.026607720657351727 -0.026573796489753162 -0.02654363421640849
608 -0.02670963069073305 -0.026589673657349412 -0.026548754480885676 -0.026445513772179373
609 -0.026704864843591046 -0.026620244898954426 -0.026588826330255985 -0.026560206901296443
610 -0.026725810902174782 -0.02657944519019774 -0.02657469067389738 -0.026552742034816203
611 -0.026653513371722923 -0.026597200256888488 -0.026605909951155075 -0.026555024105376194
612 -0.026711377775126072 -0.026607789293443835 -0.026587616117331007 -0.026576014072513594
613 -0.02671896839836733 -0.02662018976421574 -0.026564935246476344 -0.02650851955088896
614 -0.026682432434917695 -0.026589491867797594 -0.026581179353444166 -0.02650892253179173
615 -0.026665901991211105 -0.026615267213004667 -0.02656019735613417 -0.026465524541796133
616 -0.02669539308754056 -0.026613560881451614 -0.02658616790309492 -0.026493899468939944
617 -0.026702247528025823 -0.026606737191462383 -0.02658446268717427 -0.026507325846192198
618 -0.02669794935699301 -0.02662986392889872 -0.02656662162026372 -0.026551139852232956
619 -0.026719653632699555 -0.026623699723637703 -0.026609599012439575 -0.02656307256678388
620 -0.026718991142092738 -0.026641788337524855 -0.026566344726656435 -0.026511338305926203
621 -0.02671137402662397 -0.026589573872256196 -0.026578005791667202 -0.02654620626064959
622 -0.026659819235930297 -0.026565456738114168 -0.026561876434905502 -0.026505491960558715
623 -0.02674079834886229 -0.026617542646551015 -0.026600654733967024 -0.026521535811232247
624 -0.026705908776996735 -0.02661602396010363 -0.026598304749968285 -0.026551954258138832
625 -0.026703090384387076 -0.026591480942828673 -0.026561313164344767 -0.02655263431427019
626 -0.02668838465941301 -0.02662389493845693 -0.026609961395305262 -0.02655002291536477
627 -0.026721290217850288 -0.026557086612967386 -0.026574712578805573 -0.026516321514903574
628 -0.026715018362620652 -0.026585863948536403 -0.026574716319363725 -0.026559366151449812
629 -0.026704907138322832 -0.026531643509907665 -0.02661205540437355 -0.026566371459590087
630 -0.026711342233046716 -0.02657448367917912 -0.02656307452011131 -0.02652817300136644
631 -0.026701112350649606 -0.02659775983651317 -0.026562480110855793 -0.026539591608762708
632 -0.026698701762152506 -0.02658313735344621 -0.026559156829226094 -0.026512375977611653
633 -0.02672245847693015 -0.026587472086841146 -0.026560542752915903 -0.02656074874099896
634 -0.026698025814732834 -0.0266121220418786 -0.02658578433743896 -0.02654601077549104
635 -0.02668796507854006 -0.026600129466371893 -0.02660910676505544 -0.026539867502355645
636 -0.026705155053417202 -0.026612835648940392 -0.026588095393311143 -0.026525267056314868
637 -0.026655477900451575 -0.02661986594557235 -0.02658506191293952 -0.026488998100918135
638 -0.026685915317933153 -0.02660393963519568 -0.02657662555663174 -0.02653626989969685
639 -0.02670610016337529 -0.02663221492357354 -0.026595522317853705 -0.02656588546709449
640 -0.026704466926439407 -0.026582892103196056 -0.02659836650689854 -0.026560856088597155
641 -0.026698017746493306 -0.026606069380852054 -0.026572763066182645 -0.026524055402941688
642 -0.02670238503904373 -0.0266289186443181 -0.026623250305233746 -0.02653454679403555
643 -0.02669329018472667 -0.026592876744359745 -0.026569927706673945 -0.026565186801782867
644 -0.026689942518153795 -0.026646105472114292 -0.02657991984231926 -0.026535609933780485
645 -0.026683643667675887 -0.026601815482781368 -0.026565706552614157 -0.026549317103455775
646 -0.02671959427086781 -0.02660946597339392 -0.026583701620485567 -0.02655393534214718
647 -0.026691211450635736 -0.026577346798671787 -0.026578245556785778 -0.026570297410859537
648 -0.02671585293006324 -0.026659747141027226 -0.026569620013380393 -0.02656637909428245
649 -0.02666363152969061 -0.026572379416140046 -0.02658345242995111 -0.026520951871478755
650 -0.02670126606550163 -0.02664162393360311 -0.02654396087236623 -0.02653625305521473
651 -0.026678680849886078 -0.02661741411700477 -0.026596374634368442 -0.02652647481845275
652 -0.026654320793916095 -0.026577524605574932 -0.026554348836297953 -0.026529756738075273
653 -0.02670692663695631 -0.026596683835364923 -0.026594610444963095 -0.026551233931066166
654 -0.02666591641837578 -0.026607302359870463 -0.02658722283570918 -0.026517198224762745
655 -0.026692220286231062 -0.02662003368850624 -0.02661311956899441 -0.026545766009039858
656 -0.026681799162938297 -0.026612572379813373 -0.02656644656047893 -0.026509719312315272
657 -0.02669733067526263 -0.026628261207901655 -0.02658813897464222 -0.02655472247501281
658 -0.026684124319185914 -0.02661960440300857 -0.026596543908102507 -0.026533247668419448
659 -0.02672417714580675 -0.026648643113448 -0.026555872377571725 -0.02652403774687643
660 -0.026691218201512268 -0.026611641949396404 -0.026592901629134164 -0.026534245082184098
661 -0.026716909402274138 -0.026638112141296216 -0.02658326485274733 -0.026581834768094198
662 -0.026663052024156104 -0.026624669182401958 -0.026581268621198195 -0.02657237085532472
663 -0.02668814477036732 -0.02661136778915657 -0.02660169382813858 -0.02657614798020399
664 -0.026700912062308083 -0.02660886478188434 -0.026553287030442053 -0.02653038182855564
665 -0.02669109061597055 -0.02661826370824006 -0.02658675043013473 -0.02650885705466436
666 -0.026666418120157364 -0.026614432312786943 -0.026554690367843577 -0.026525715993542132
667 -0.026707221750914136 -0.026595250821258454 -0.02659242308170109 -0.02657218184990536
668 -0.026718431234384415 -0.026601359688146576 -0.02659575998733537 -0.026570907818846086
669 -0.02671851554725549 -0.026601580379320124 -0.026563194465965393 -0.02650627189312297
670 -0.026695142534166924 -0.02660497856158043 -0.02656740209853976 -0.0265379512336072
671 -0.0267097438489273 -0.026601955800169698 -0.02663452372273852 -0.026542690344379935
672 -0.026692974911315778 -0.026616573201398555 -0.026618247113743228 -0.026542438696113755
673 -0.02669154986443036 -0.02660792437945646 -0.02659054800654023 -0.026498008850615404
674 -0.026681895877298967 -0.026649011245032318 -0.026580307353834782 -0.026552970196938114
675 -0.026696240533660185 -0.026582496344326634 -0.02654940963574016 -0.026521490765250694
676 -0.02666813988500833 -0.026661162624703513 -0.026558987924759657 -0.02657131132960059
677 -0.02669867822617031 -0.02660954766988235 -0.026573930831043178 -0.026567091798152465
678 -0.026663695933546776 -0.02657612223851166 -0.026575362554270208 -0.02654637956861296
679 -0.026712267382192054 -0.026602965192396 -0.026583153048871766 -0.026538338298105507
680 -0.026695801367615464 -0.02662179807710385 -0.02654656298301769 -0.026544986112140793
681 -0.0266951658984556 -0.026633005402444287 -0.02658607723286889 -0.026554009886663177
682 -0.026689105066467628 -0.026608739354155045 -0.02655883283548185 -0.02651698465409024
683 -0.026675804515155648 -0.026636033940731475 -0.026574318575181676 -0.0265321814223446
684 -0.026708525981055446 -0.026643458739415118 -0.026583339821040417 -0.026574898879236884
685 -0.02668490716057407 -0.026630830088838764 -0.026551715236152792 -0.026560101833305934
686 -0.02671927352447281 -0.026640651135965712 -0.02659197846673457 -0.02655420098258262
687 -0.026677670728702908 -0.0265731453581135 -0.026594215127925244 -0.02649374292495179
688 -0.026697984752028572 -0.026583533062381256 -0.026584914036940965 -0.02659221113764371
689 -0.026674385408028373 -0.026641022119108394 -0.02657517623278266 -0.026552205219552483
690 -0.026696528254790217 -0.026637508689736578 -0.026591784242767914 -0.026561253688849283
691 -0.026691216730909992 -0.026606906130576802 -0.026608482522139414 -0.02655201560180665
692 -0.026712316938304205 -0.02662659243613105 -0.02657174134258944 -0.026577804734762733
693 -0.02669357236823504 -0.026598804107131332 -0.026600174082387778 -0.026549859767285845
694 -0.026707133462593922 -0.026615358804309402 -0.026591774204213853 -0.02656906637253313
695 -0.026709862492161857 -0.02664366414876698 -0.026585737190430562 -0.026564502020115323
696 -0.026707213327167093 -0.026593492292450584 -0.026573919887772968 -0.0265725362023137
697 -0.026678660659341484 -0.026605836857084366 -0.026598423481179426 -0.02655924184355618
698 -0.026706328898427147 -0.02660399885488378 -0.02657999969168779 -0.026578315340024902
699 -0.026698214055621304 -0.026597435944829762 -0.02659067653146017 -0.02656191618024876
700 -0.02669621963286353 -0.026662158872732253 -0.026585798892192678 -0.02653519107601778
701 -0.026663769087264824 -0.026592307829106432 -0.02659602801959671 -0.026564216350050546
702 -0.026698934560377325 -0.026608307265387522 -0.02659265005222862 -0.02656973976836375
703 -0.026675853621519655 -0.026592215476073478 -0.026559809509319195 -0.026548122880601186
704 -0.026669858782234292 -0.026601746847610665 -0.026564389346617315 -0.02656116000977424
705 -0.026697916238901706 -0.026623792641442087 -0.02656871493753799 -0.02658949476789252
706 -0.026669123166469955 -0.026606058496371394 -0.026578186466678012 -0.026559142266306845
707 -0.02668919521069662 -0.026591890970516736 -0.026552360793657692 -0.026520413230029342
708 -0.02671643569263699 -0.02661910726146669 -0.026596695633046844 -0.026515774466982518
709 -0.026712812775528495 -0.026611795231918495 -0.026564878319804433 -0.026560741685901938
710 -0.026725958506555667 -0.02661156999506309 -0.026604588661388897 -0.026570115222902188
711 -0.026685621923453463 -0.026600331978718517 -0.026591558739826257 -0.026594703191524807
712 -0.026696595099996674 -0.026645046729150856 -0.026588949590538306 -0.026571536642417355
713 -0.02670895556364962 -0.026591046497696537 -0.026576572790457872 -0.026583110503332886
714 -0.026668767036130525 -0.02661493557694148 -0.026575555423003328 -0.026564529125979924
715 -0.02670291974319465 -0.026599218199483278 -0.026566946904961666 -0.026511339286573777
716 -0.026674187975743533 -0.026606429782799115 -0.026581209281570026 -0.026551434107986677
717 -0.026675853323325942 -0.026645214168833933 -0.0265788733274054 -0.026550991557355387
718 -0.02664690413637881 -0.026650405711372352 -0.026600077474144137 -0.026569507615464023
719 -0.026701313073778796 -0.02661727607369976 -0.026581593861060734 -0.026560260568780237
720 -0.026665001484244513 -0.026644219550841765 -0.02654505004854118 -0.02657592627716145
721 -0.026637525494321006 -0.026552671944002595 -0.026555926461496404 -0.02654863102346135
722 -0.02670888251990088 -0.0265548863674106 -0.026593788185508085 -0.026576261570751773
723 -0.02670088651335975 -0.02657156427639286 -0.026565995314617882 -0.02649882593946723
724 -0.026711749515657565 -0.026607391928242248 -0.026563693518114218 -0.026540461952082074
725 -0.026698955685633696 -0.026569705079993858 -0.02657682382432333 -0.026548779222196527
726 -0.02671034686814084 -0.026625734705165036 -0.02654736928202367 -0.026560021220512185
727 -0.026688504032456886 -0.026586552924578667 -0.026579163667127943 -0.02655655349724183
728 -0.026707200335501637 -0.02662714610527539 -0.02659482701107871 -0.02650551506667136
729 -0.026690441244914338 -0.026602988137025302 -0.026606563435555137 -0.02650791257336694
730 -0.026666860800434764 -0.026588496912172556 -0.026612857459348445 -0.0265738041070759
731 -0.026671515016876094 -0.02663036228941508 -0.026590484012030503 -0.026573048608052686
732 -0.026708851591871766 -0.026590437798824307 -0.026614082995528213 -0.026533012071527418
733 -0.026684131678077136 -0.02663124859842808 -0.026624340142929317 -0.026538790727000848
734 -0.026691169645339498 -0.026623089527657042 -0.026609650744446028 -0.026545588216899327
735 -0.026662808483305888 -0.02662480136866148 -0.026564248594726628 -0.026511435921637436
736 -0.026685518275282084 -0.026587535472492353 -0.026552130671631743 -0.026569506987676662
737 -0.026704536349359535 -0.026606718656886127 -0.026615297798450024 -0.026542299201671615
738 -0.026677329907791435 -0.026593003374438418 -0.026574412343027345 -0.026528943983390913
739 -0.02665709297232952 -0.026646267208041325 -0.026553520475958697 -0.026570404287310743
740 -0.026716703684723144 -0.02657749476186898 -0.026589382270657415 -0.02658639759448749
741 -0.02670196169896393 -0.0266096790028855 -0.026592280487141785 -0.026540396276374674
742 -0.026691728458222624 -0.02663323718210336 -0.026586606913384735 -0.02655662400563755
743 -0.026722455912961227 -0.02663922181801739 -0.026585882824903786 -0.026543268415129127
744 -0.026626648971370435 -0.026607894368340504 -0.026569274401722694 -0.0265683589983653
745 -0.026664491013932208 -0.02659220802675249 -0.02659867406111093 -0.02654038626149019
746 -0.026701952740205245 -0.02655330265505131 -0.026570501962989164 -0.026589263221409018
747 -0.026693317001707743 -0.02657740405178989 -0.026583461270650525 -0.026588221198495677
748 -0.026696456413299444 -0.026607370252349574 -0.026551168768161198 -0.02657394355483188
749 -0.02666369967564446 -0.026627976870967397 -0.02660392596180258 -0.026546865932070257
750 -0.02669033710779904 -0.026588307894462617 -0.026576341686127672 -0.02658058223074618
751 -0.026685599230538776 -0.026618104661213296 -0.02656191814236929 -0.026532454140847955
752 -0.026645471590033266 -0.026627246229517593 -0.026596926300912413 -0.02658098411796792
753 -0.026685164041288425 -0.026622896346749015 -0.026598486536350528 -0.02658231968650633
754 -0.026709986287389895 -0.02659022171211563 -0.026576425553026268 -0.026524704045508003
755 -0.0267020797822357 -0.026622772867440244 -0.02655685518070668 -0.026553425511153833
756 -0.026684357491679873 -0.02664068554845721 -0.026596506026830044 -0.02654684364963849
757 -0.026686186337937894 -0.02663933963147207 -0.026582379887344527 -0.026519148263782506
758 -0.02668837578466017 -0.026602636219968626 -0.02659547106583432 -0.026573156127203654
759 -0.026671773658408622 -0.026669800439345692 -0.026584231538771298 -0.02657628053588105
760 -0.026690404453272826 -0.026644665861374428 -0.026577573330307015 -0.026508517998309767
761 -0.026723515694419067 -0.026582509225881623 -0.02656956401223622 -0.026529702748876675
762 -0.026647166588162567 -0.026591604031072594 -0.026546863551087554 -0.026593128397909595
763 -0.026688342171323036 -0.026640148536995208 -0.026563312475346865 -0.02652909053250766
764 -0.02670111079014919 -0.026613617610216724 -0.026565267085099445 -0.02652963622422369
765 -0.026702243730478633 -0.026592023312898172 -0.026589792408995682 -0.026570268352472882
766 -0.026684366696111347 -0.0265822896760083 -0.026592229227671335 -0.0265691853230976
767 -0.02666605094214388 -0.026587099501208585 -0.026559225516916418 -0.02654438819035878
768 -0.02666352379270019 -0.026610857468169935 -0.026575591458248934 -0.026554551491127294
769 -0.026706756804520115 -0.026638380574217774 -0.026597102910130184 -0.02659616678943655
770 -0.026710522762051287 -0.026579708637643407 -0.026588411915384358 -0.026543033266427887
771 -0.026700825838069674 -0.02662356214546596 -0.02659956952268958 -0.026572526201205572
772 -0.026734387888158493 -0.026630266503526057 -0.02657251157455358 -0.02653898139559808
773 -0.026684598599316437 -0.02660965605193108 -0.02659100811278743 -0.026592011070229307
774 -0.026675609018686174 -0.0266053309203328 -0.026600820005289686 -0.026586059267789737
775 -0.026665501578251247 -0.026611359819443903 -0.026581776608324583 -0.026560343306158685
776 -0.026697099701664697 -0.02661974825245779 -0.026609848570310592 -0.026562229223224404
777 -0.026713292499569406 -0.026624255649420767 -0.026565166305106924 -0.026550223112672668
778 -0.026701335952860165 -0.026635131691182652 -0.026565767496002767 -0.026574355376396366
779 -0.02665307322409733 -0.02660695521895161 -0.026589231027860438 -0.026582656150785276
780 -0.026697637020740114 -0.026597306940568412 -0.0265874974484871 -0.026556516976656386
781 -0.026689538010562744 -0.026617026477744322 -0.026587970782994647 -0.026534661360707736
782 -0.026716777088446355 -0.026587136121352717 -0.026566225422640328 -0.026577896122500142
783 -0.02669811889906286 -0.02661920832350902 -0.026561945587932134 -0.026549789894918758
784 -0.02669654367071798 -0.026628964804038036 -0.026597567340223654 -0.026551170485211873
785 -0.026669897414964894 -0.026612963484231797 -0.02656653163905709 -0.026576426214017776
786 -0.026664099861511477 -0.026643437997270272 -0.02659457156952023 -0.02660893003865296
787 -0.02667589091010926 -0.026556059323755845 -0.02662540551857356 -0.02658230032058483
788 -0.026723198784655722 -0.026604622884936903 -0.026614358543094154 -0.026553226277051024
789 -0.026709830695720096 -0.026607553494641695 -0.026616720703421318 -0.02654404972211054
790 -0.026682870052691505 -0.026588853053621866 -0.02660379689039456 -0.026556317557002815
791 -0.026693380234384674 -0.02660797639285445 -0.026557153570227435 -0.026556892029234315
792 -0.026691756445581444 -0.026585733361931797 -0.026571088824193193 -0.026572268950115316
793 -0.0267268468716759 -0.026597943955856764 -0.02657160118690241 -0.02653859654613147
794 -0.0267101970445057 -0.026609405727082504 -0.026575030629583697 -0.026549760900089238
795 -0.026683859135321036 -0.026613722980687496 -0.026590466657929426 -0.026569640689831656
796 -0.026691986004163865 -0.02661655457315112 -0.026611684297965527 -0.026536564340349567
797 -0.026691830402223695 -0.026595377966156297 -0.026602057738234246 -0.02655602242044496
798 -0.026677296601053706 -0.026614438798439263 -0.026568244134183835 -0.026517850042394948
799 -0.026695407992250106 -0.026618307127967412 -0.02659816937299531 -0.026519738424035506
800 -0.026709210182909178 -0.026589330129828448 -0.026565413914832383 -0.02657275241396076
801 -0.026679406082433865 -0.026576930864122907 -0.026578915107662922 -0.026595124319499057
802 -0.02670394359468545 -0.02665551386994555 -0.026592432339632103 -0.02653264754992471
803 -0.026708148080338192 -0.026617382173192705 -0.026578263574537145 -0.026577686202135506
804 -0.026703094396134348 -0.02662595656398269 -0.026570360157602106 -0.02653477077177372
805 -0.02672479777486403 -0.02660691985072914 -0.026554735850279454 -0.02660177825796656
806 -0.02671222733662893 -0.026658597845395683 -0.026599146151595622 -0.026570510484540167
807 -0.026698979680962846 -0.0266198163268324 -0.02657380938906019 -0.026574877339213297
808 -0.026704759893466348 -0.026635361019233052 -0.02657580819592997 -0.02657905131240993
809 -0.02671002393577685 -0.02662288469241896 -0.026555009472967364 -0.026557838279904093
810 -0.02669889510502551 -0.026613566211294334 -0.02658556312442338 -0.026613971702375616
811 -0.026700550151020533 -0.026602308043126445 -0.026558034822614422 -0.026522368075951253
812 -0.026700493470325822 -0.026629743714128615 -0.026559653641283064 -0.02655312350261637
813 -0.02670401359238987 -0.026578904035388786 -0.02657909805942094 -0.026568397034835697
814 -0.026693911078687484 -0.026592069272383834 -0.026564303962754984 -0.02655209087121293
815 -0.026679021348425227 -0.026620357575355975 -0.026563322660436112 -0.026558934053674738
816 -0.026668613503020765 -0.02659249300268626 -0.026596106362202603 -0.026595143989341347
817 -0.026703937494024832 -0.02658946378072488 -0.026598276850883347 -0.02658343996857163
818 -0.026675740973245383 -0.026640505748953353 -0.026586878334476913 -0.026516505356586912
819 -0.02668264970141587 -0.02660749067402154 -0.026585248233779314 -0.02656494943090587
820 -0.026688628299861333 -0.02666793558892952 -0.026563288677532212 -0.026550436581321196
821 -0.02672165617425921 -0.026582292469107163 -0.02655556440803769 -0.026582481246583512
822 -0.02670261222165293 nan -0.02658420751459124 -0.0265617008462932
823 -0.026695061946755982 nan -0.02658457440256695 -0.026591848869111624
824 -0.026713857234067058 nan -0.02656893742428311 -0.026580504757683063
825 -0.026687078661121716 nan -0.026557023473678946 -0.026569934394127442
826 -0.026697439869233276 nan -0.026566261869629532 -0.026546112257148723
827 -0.026688661155435077 nan -0.026583162746855373 -0.026547231409972172
828 -0.02669816001843884 nan -0.02659063051977141 -0.026554959399593143
829 -0.026723151744568113 nan -0.026568141442465578 -0.02652886536647749
830 -0.026719930076745876 nan -0.026585748920543315 -0.026577231759256803
831 -0.026716363317223123 nan -0.026590187140723778 -0.026547031985841577
832 -0.026728785771292278 nan -0.026564004024970337 -0.0265306159086863
833 -0.0267099522303635 nan -0.02657427894277516 -0.02654513960723255
834 -0.02670291370889609 nan -0.02655190374494116 -0.02658639835270653
835 -0.02668576491662573 nan -0.02661478425814106 -0.026569155943283324
836 -0.0267117626147915 nan -0.026612561304804994 -0.02656288181832965
837 -0.026734844047795213 nan -0.02659644930603668 -0.026544431493864207
838 -0.02670501346863804 nan -0.026588032421971677 -0.0265832084978479
839 -0.026722501549685355 nan -0.026606399254386452 -0.02655351654474481
840 -0.026688539829852295 nan -0.026579185851616737 -0.02657385598779125
841 -0.02672789279534841 nan -0.02659703767152137 -0.026594422664129695
842 -0.026687876576667 nan -0.02656133926054247 -0.026526614114304146
843 -0.02668907880828019 nan -0.026581577976738772 -0.026590614470197955
844 -0.02668969029716743 nan -0.026606126493162924 -0.02657961169889725
845 -0.02664645590416856 nan -0.02659003806155435 -0.026572021784888537
846 -0.026743132018035107 nan -0.026564120944706483 -0.0265810045233639
847 -0.026719789553681223 nan -0.02659530800971135 -0.026538708348346714
848 -0.02671230477380978 nan -0.02652242588543616 -0.02655452278047061
849 -0.02673467365410905 nan -0.02659866636373505 -0.02657849483849875
850 -0.026722384489715333 nan -0.026573699895344312 -0.02652921056367489
851 -0.026715791040098198 nan -0.026565591257578985 -0.026526805621846856
852 -0.026715201774080308 nan -0.02660272301535472 -0.026569924939153444
853 -0.026701245943085726 nan -0.0266119301300551 -0.026595921656629537
854 -0.026693217268847432 nan -0.026557594515083882 -0.026551366535786533
855 -0.02669671705732029 nan -0.026606620534546252 -0.02655266258813027
856 -0.026707767706064343 nan -0.02659623197333392 -0.026551986681868707
857 -0.026672339721186752 nan -0.026582698516132902 -0.026574826523221982
858 -0.02667979444025735 nan -0.02663005089814123 -0.026572871371689413
859 -0.02670715840813838 nan -0.026567142004531568 -0.02654069435019632
860 -0.02669815746428391 nan -0.02656522892629061 -0.026546191450814417
861 -0.026704553429404445 nan -0.026603845157739267 -0.026571161990415683
862 -0.026703980510464256 nan -0.026565003009969612 -0.026580522223273687
863 -0.02665664181590149 nan -0.026596741835662144 -0.026586428222623082
864 -0.026699479642301977 nan -0.026580240091828942 -0.0265862913833924
865 -0.026693537703026335 nan -0.026573888843774332 -0.026561281366412476
866 -0.02670301424003341 nan -0.026588160894188004 -0.026539423771903263
867 -0.026710850723126227 nan -0.026581199807100386 -0.02650820915596543
868 -0.026696867166945176 nan -0.026586398520824967 -0.02657600535808656
869 -0.026682032959641937 nan -0.02658659214887669 -0.026564687261156825
870 -0.026703543258343884 nan -0.026560944213114925 -0.026554216785864476
871 -0.026685261630996 nan -0.0265426002836626 -0.026587490119420173
872 -0.02666401717199169 nan -0.026534106117163045 -0.026556395219982667
873 -0.026696853554069963 nan -0.02656503135443828 -0.026551252780920444
874 -0.02674687934325877 nan -0.026581831339451203 -0.026559203246760116
875 -0.02670508351178771 nan -0.02660852933380048 -0.026565313608993422
876 -0.026690602854142084 nan -0.026584938361529347 -0.026584696381276342
877 -0.02670289687882606 nan -0.026590215431749355 -0.026570546660837097
878 -0.026697058788529168 nan -0.026584193751035465 -0.02658087528634967
879 -0.02671595713888571 nan -0.026572680518753892 -0.026546891748561313
880 -0.026705530382116476 nan -0.02657857746733492 -0.026583573044796294
881 -0.026691775322767185 nan -0.026581864491777282 -0.026551241804326532
882 -0.026679170556037142 nan -0.026589413974832405 -0.02658556018821137
883 -0.02669536398511596 nan -0.026551297807287298 -0.02657060427665609
884 -0.02665857505670243 nan -0.026585219400725335 -0.026583394114404246
885 -0.026682574977803544 nan -0.026569439707071922 -0.026587878391511083
886 -0.02670781492327653 nan -0.026560750374440528 -0.026572897137299656
887 -0.026696007266850088 nan -0.026592621881532504 -0.026571155837333105
888 -0.02670018597133332 nan -0.026570139983792755 -0.026547525954745493
889 -0.026677729756242583 nan -0.026606115041148997 -0.02654520268797509
890 -0.02672628188742555 nan -0.026555588252320232 -0.026581957162404954
891 -0.026718938575068317 nan -0.026604066884610655 -0.026553273638699585
892 -0.02670749981798908 nan -0.026557795684932627 -0.026560468669439553
893 -0.026675936028659475 nan -0.02658057472810806 -0.026564933771442704
894 -0.026688117338555608 nan -0.026590294458567303 -0.026584145430326767
895 -0.026699112943479753 nan -0.02658571773436348 -0.026559948823468817
896 -0.026697232128003397 nan -0.026599019322211315 -0.026568942182283176
897 -0.02669289505677892 nan -0.02658743184451827 -0.02653268867119749
898 -0.02670109820002463 nan -0.0265948918273715 -0.026539271576103488
899 -0.02666581545923062 nan -0.026567442441301523 -0.02659952280242592
900 -0.026646230281610308 nan -0.02659242362004339 -0.0265829315555491
901 -0.026685903076420183 nan -0.02658847966447244 -0.0265917005103167
902 -0.026711040100824233 nan -0.026560399000175275 -0.02656941881560999
903 -0.026717649842460115 nan -0.026598143834871506 -0.026549675907141072
904 -0.026683036622955056 nan -0.026590868454218985 -0.026568004740558093
905 -0.026690391927755124 nan -0.026585697339473812 nan
906 -0.026688763752742293 nan -0.026578520616345237 nan
907 -0.02670329610578561 nan -0.026584181788869867 nan
908 -0.026687635233142565 nan -0.02657044038601002 nan
909 -0.026707791795427246 nan -0.02657639204091881 nan
910 -0.026669426645421733 nan -0.026584128158669326 nan
911 -0.02671847762693958 nan -0.026583854892989978 nan
912 -0.02667040251680782 nan -0.02661677954005283 nan
913 -0.026710864663926377 nan -0.026571441183955366 nan
914 -0.026698406856212508 nan -0.02655441228227419 nan
915 -0.026704361947280122 nan -0.02659000977617898 nan
916 -0.026701676705907156 nan -0.02659356113753707 nan
917 -0.026692719174734855 nan -0.026582830437512053 nan
918 -0.026653572272657806 nan -0.02658772965440148 nan
919 -0.026671707291574455 nan -0.026589668841379414 nan
